part_id,sday_id,dayofweek,month,year,day,wave
10000101,2022.05.03,2,5,2022,3,1
10000201,2022.05.03,2,5,2022,3,1
10000301,2022.05.03,2,5,2022,3,1
10000401,2022.05.03,2,5,2022,3,1
10000501,2022.05.03,2,5,2022,3,1
10000601,2022.05.03,2,5,2022,3,1
10000701,2022.05.03,2,5,2022,3,1
10000801,2022.05.03,2,5,2022,3,1
10000901,2022.05.04,3,5,2022,4,1
10001001,2022.05.03,2,5,2022,3,1
10001101,2022.05.03,2,5,2022,3,1
10001201,2022.05.03,2,5,2022,3,1
10001301,2022.05.03,2,5,2022,3,1
10001401,2022.05.04,3,5,2022,4,1
10001501,2022.05.03,2,5,2022,3,1
10001601,2022.05.03,2,5,2022,3,1
10001701,2022.05.03,2,5,2022,3,1
10001801,2022.05.03,2,5,2022,3,1
10001901,2022.05.03,2,5,2022,3,1
10002001,2022.05.03,2,5,2022,3,1
10002101,2022.05.03,2,5,2022,3,1
10002201,2022.05.04,3,5,2022,4,1
10002301,2022.05.03,2,5,2022,3,1
10002401,2022.05.03,2,5,2022,3,1
10002501,2022.05.03,2,5,2022,3,1
10002601,2022.05.03,2,5,2022,3,1
10002701,2022.05.03,2,5,2022,3,1
10002801,2022.05.03,2,5,2022,3,1
10002901,2022.05.03,2,5,2022,3,1
10003001,2022.05.03,2,5,2022,3,1
10003101,2022.05.03,2,5,2022,3,1
10003201,2022.05.03,2,5,2022,3,1
10003301,2022.05.03,2,5,2022,3,1
10003401,2022.05.03,2,5,2022,3,1
10003501,2022.05.03,2,5,2022,3,1
10003601,2022.05.03,2,5,2022,3,1
10003701,2022.05.03,2,5,2022,3,1
10003801,2022.05.03,2,5,2022,3,1
10003901,2022.05.03,2,5,2022,3,1
10004001,2022.05.03,2,5,2022,3,1
10004101,2022.05.03,2,5,2022,3,1
10004201,2022.05.03,2,5,2022,3,1
10004301,2022.05.03,2,5,2022,3,1
10004401,2022.05.03,2,5,2022,3,1
10004501,2022.05.03,2,5,2022,3,1
10004601,2022.05.03,2,5,2022,3,1
10004701,2022.05.03,2,5,2022,3,1
10004801,2022.05.03,2,5,2022,3,1
10004901,2022.05.03,2,5,2022,3,1
10005001,2022.05.03,2,5,2022,3,1
10005101,2022.05.03,2,5,2022,3,1
10005201,2022.05.03,2,5,2022,3,1
10005301,2022.05.03,2,5,2022,3,1
10005401,2022.05.03,2,5,2022,3,1
10005501,2022.05.03,2,5,2022,3,1
10005601,2022.05.03,2,5,2022,3,1
10005701,2022.05.03,2,5,2022,3,1
10005801,2022.05.03,2,5,2022,3,1
10005901,2022.05.03,2,5,2022,3,1
10006001,2022.05.03,2,5,2022,3,1
10006101,2022.05.03,2,5,2022,3,1
10006201,2022.05.03,2,5,2022,3,1
10006301,2022.05.03,2,5,2022,3,1
10006401,2022.05.03,2,5,2022,3,1
10006501,2022.05.03,2,5,2022,3,1
10006601,2022.05.03,2,5,2022,3,1
10006701,2022.05.03,2,5,2022,3,1
10006801,2022.05.03,2,5,2022,3,1
10006901,2022.05.03,2,5,2022,3,1
10007001,2022.05.03,2,5,2022,3,1
10007101,2022.05.03,2,5,2022,3,1
10007201,2022.05.03,2,5,2022,3,1
10007301,2022.05.03,2,5,2022,3,1
10007401,2022.05.03,2,5,2022,3,1
10007501,2022.05.03,2,5,2022,3,1
10007601,2022.05.04,3,5,2022,4,1
10007701,2022.05.03,2,5,2022,3,1
10007801,2022.05.03,2,5,2022,3,1
10007901,2022.05.03,2,5,2022,3,1
10008001,2022.05.03,2,5,2022,3,1
10008101,2022.05.03,2,5,2022,3,1
10008201,2022.05.03,2,5,2022,3,1
10008301,2022.05.03,2,5,2022,3,1
10008401,2022.05.03,2,5,2022,3,1
10008501,2022.05.03,2,5,2022,3,1
10008601,2022.05.03,2,5,2022,3,1
10008701,2022.05.03,2,5,2022,3,1
10008801,2022.05.03,2,5,2022,3,1
10008901,2022.05.03,2,5,2022,3,1
10009001,2022.05.03,2,5,2022,3,1
10009101,2022.05.03,2,5,2022,3,1
10009201,2022.05.03,2,5,2022,3,1
10009301,2022.05.03,2,5,2022,3,1
10009401,2022.05.03,2,5,2022,3,1
10009501,2022.05.03,2,5,2022,3,1
10009601,2022.05.03,2,5,2022,3,1
10009701,2022.05.03,2,5,2022,3,1
10009801,2022.05.03,2,5,2022,3,1
10009901,2022.05.03,2,5,2022,3,1
10010001,2022.05.03,2,5,2022,3,1
10010101,2022.05.03,2,5,2022,3,1
10010201,2022.05.03,2,5,2022,3,1
10010301,2022.05.03,2,5,2022,3,1
10010401,2022.05.03,2,5,2022,3,1
10010501,2022.05.03,2,5,2022,3,1
10010601,2022.05.03,2,5,2022,3,1
10010701,2022.05.03,2,5,2022,3,1
10010801,2022.05.03,2,5,2022,3,1
10010901,2022.05.03,2,5,2022,3,1
10011001,2022.05.03,2,5,2022,3,1
10011101,2022.05.03,2,5,2022,3,1
10011201,2022.05.03,2,5,2022,3,1
10011301,2022.05.03,2,5,2022,3,1
10011401,2022.05.03,2,5,2022,3,1
10011501,2022.05.03,2,5,2022,3,1
10011601,2022.05.03,2,5,2022,3,1
10011701,2022.05.03,2,5,2022,3,1
10011801,2022.05.03,2,5,2022,3,1
10011901,2022.05.03,2,5,2022,3,1
10012001,2022.05.03,2,5,2022,3,1
10012101,2022.05.03,2,5,2022,3,1
10012201,2022.05.03,2,5,2022,3,1
10012301,2022.05.03,2,5,2022,3,1
10012401,2022.05.03,2,5,2022,3,1
10012501,2022.05.03,2,5,2022,3,1
10012601,2022.05.03,2,5,2022,3,1
10012701,2022.05.03,2,5,2022,3,1
10012801,2022.05.03,2,5,2022,3,1
10012901,2022.05.03,2,5,2022,3,1
10013001,2022.05.03,2,5,2022,3,1
10013101,2022.05.03,2,5,2022,3,1
10013201,2022.05.03,2,5,2022,3,1
10013301,2022.05.03,2,5,2022,3,1
10013401,2022.05.03,2,5,2022,3,1
10013501,2022.05.03,2,5,2022,3,1
10013601,2022.05.03,2,5,2022,3,1
10013701,2022.05.03,2,5,2022,3,1
10013801,2022.05.03,2,5,2022,3,1
10013901,2022.05.03,2,5,2022,3,1
10014001,2022.05.03,2,5,2022,3,1
10014101,2022.05.03,2,5,2022,3,1
10014201,2022.05.03,2,5,2022,3,1
10014301,2022.05.03,2,5,2022,3,1
10014401,2022.05.03,2,5,2022,3,1
10014501,2022.05.03,2,5,2022,3,1
10014601,2022.05.03,2,5,2022,3,1
10014701,2022.05.03,2,5,2022,3,1
10014801,2022.05.03,2,5,2022,3,1
10014901,2022.05.03,2,5,2022,3,1
10015001,2022.05.03,2,5,2022,3,1
10015101,2022.05.03,2,5,2022,3,1
10015201,2022.05.03,2,5,2022,3,1
10015301,2022.05.03,2,5,2022,3,1
10015401,2022.05.03,2,5,2022,3,1
10015501,2022.05.03,2,5,2022,3,1
10015601,2022.05.04,3,5,2022,4,1
10015701,2022.05.03,2,5,2022,3,1
10015801,2022.05.03,2,5,2022,3,1
10015901,2022.05.03,2,5,2022,3,1
10016001,2022.05.05,4,5,2022,5,1
10016101,2022.05.03,2,5,2022,3,1
10016201,2022.05.03,2,5,2022,3,1
10016301,2022.05.03,2,5,2022,3,1
10016401,2022.05.03,2,5,2022,3,1
10016501,2022.05.03,2,5,2022,3,1
10016601,2022.05.03,2,5,2022,3,1
10016701,2022.05.03,2,5,2022,3,1
10016801,2022.05.03,2,5,2022,3,1
10016901,2022.05.03,2,5,2022,3,1
10017001,2022.05.03,2,5,2022,3,1
10017101,2022.05.03,2,5,2022,3,1
10017201,2022.05.03,2,5,2022,3,1
10017301,2022.05.03,2,5,2022,3,1
10017401,2022.05.04,3,5,2022,4,1
10017501,2022.05.03,2,5,2022,3,1
10017601,2022.05.03,2,5,2022,3,1
10017701,2022.05.03,2,5,2022,3,1
10017801,2022.05.03,2,5,2022,3,1
10017901,2022.05.03,2,5,2022,3,1
10018001,2022.05.03,2,5,2022,3,1
10018101,2022.05.03,2,5,2022,3,1
10018201,2022.05.03,2,5,2022,3,1
10018301,2022.05.03,2,5,2022,3,1
10018401,2022.05.05,4,5,2022,5,1
10018501,2022.05.03,2,5,2022,3,1
10018601,2022.05.03,2,5,2022,3,1
10018701,2022.05.03,2,5,2022,3,1
10018801,2022.05.03,2,5,2022,3,1
10018901,2022.05.03,2,5,2022,3,1
10019001,2022.05.04,3,5,2022,4,1
10019101,2022.05.03,2,5,2022,3,1
10019201,2022.05.03,2,5,2022,3,1
10019301,2022.05.03,2,5,2022,3,1
10019401,2022.05.03,2,5,2022,3,1
10019501,2022.05.03,2,5,2022,3,1
10019601,2022.05.03,2,5,2022,3,1
10019701,2022.05.03,2,5,2022,3,1
10019801,2022.05.03,2,5,2022,3,1
10019901,2022.05.03,2,5,2022,3,1
10020001,2022.05.03,2,5,2022,3,1
10020101,2022.05.03,2,5,2022,3,1
10020201,2022.05.03,2,5,2022,3,1
10020301,2022.05.03,2,5,2022,3,1
10020401,2022.05.03,2,5,2022,3,1
10020501,2022.05.03,2,5,2022,3,1
10020601,2022.05.03,2,5,2022,3,1
10020701,2022.05.03,2,5,2022,3,1
10020801,2022.05.03,2,5,2022,3,1
10020901,2022.05.03,2,5,2022,3,1
10021001,2022.05.03,2,5,2022,3,1
10021101,2022.05.03,2,5,2022,3,1
10021201,2022.05.03,2,5,2022,3,1
10021301,2022.05.03,2,5,2022,3,1
10021401,2022.05.03,2,5,2022,3,1
10021501,2022.05.03,2,5,2022,3,1
10021601,2022.05.03,2,5,2022,3,1
10021701,2022.05.03,2,5,2022,3,1
10021801,2022.05.03,2,5,2022,3,1
10021901,2022.05.03,2,5,2022,3,1
10022001,2022.05.03,2,5,2022,3,1
10022101,2022.05.03,2,5,2022,3,1
10022201,2022.05.03,2,5,2022,3,1
10022301,2022.05.03,2,5,2022,3,1
10022401,2022.05.09,1,5,2022,9,1
10022501,2022.05.03,2,5,2022,3,1
10022601,2022.05.03,2,5,2022,3,1
10022701,2022.05.03,2,5,2022,3,1
10022801,2022.05.04,3,5,2022,4,1
10022901,2022.05.03,2,5,2022,3,1
10023001,2022.05.03,2,5,2022,3,1
10023101,2022.05.03,2,5,2022,3,1
10023201,2022.05.03,2,5,2022,3,1
10023301,2022.05.03,2,5,2022,3,1
10023401,2022.05.03,2,5,2022,3,1
10023501,2022.05.03,2,5,2022,3,1
10023601,2022.05.03,2,5,2022,3,1
10023701,2022.05.04,3,5,2022,4,1
10023801,2022.05.03,2,5,2022,3,1
10023901,2022.05.03,2,5,2022,3,1
10024001,2022.05.03,2,5,2022,3,1
10024101,2022.05.03,2,5,2022,3,1
10024201,2022.05.03,2,5,2022,3,1
10024301,2022.05.03,2,5,2022,3,1
10024401,2022.05.03,2,5,2022,3,1
10024501,2022.05.03,2,5,2022,3,1
10024601,2022.05.03,2,5,2022,3,1
10024701,2022.05.03,2,5,2022,3,1
10024801,2022.05.03,2,5,2022,3,1
10024901,2022.05.03,2,5,2022,3,1
10025001,2022.05.03,2,5,2022,3,1
10025101,2022.05.03,2,5,2022,3,1
10025201,2022.05.03,2,5,2022,3,1
10025301,2022.05.03,2,5,2022,3,1
10025401,2022.05.03,2,5,2022,3,1
10025501,2022.05.03,2,5,2022,3,1
10025601,2022.05.03,2,5,2022,3,1
10025701,2022.05.03,2,5,2022,3,1
10025801,2022.05.03,2,5,2022,3,1
10025901,2022.05.03,2,5,2022,3,1
10026001,2022.05.03,2,5,2022,3,1
10026101,2022.05.03,2,5,2022,3,1
10026201,2022.05.03,2,5,2022,3,1
10026301,2022.05.04,3,5,2022,4,1
10026401,2022.05.04,3,5,2022,4,1
10026501,2022.05.04,3,5,2022,4,1
10026601,2022.05.04,3,5,2022,4,1
10026701,2022.05.04,3,5,2022,4,1
10026801,2022.05.04,3,5,2022,4,1
10026901,2022.05.04,3,5,2022,4,1
10027001,2022.05.04,3,5,2022,4,1
10027101,2022.05.04,3,5,2022,4,1
10027201,2022.05.04,3,5,2022,4,1
10027301,2022.05.04,3,5,2022,4,1
10027401,2022.05.04,3,5,2022,4,1
10027501,2022.05.04,3,5,2022,4,1
10027601,2022.05.04,3,5,2022,4,1
10027701,2022.05.04,3,5,2022,4,1
10027801,2022.05.04,3,5,2022,4,1
10027901,2022.05.04,3,5,2022,4,1
10028001,2022.05.04,3,5,2022,4,1
10028101,2022.05.05,4,5,2022,5,1
10028201,2022.05.04,3,5,2022,4,1
10028301,2022.05.04,3,5,2022,4,1
10028401,2022.05.04,3,5,2022,4,1
10028501,2022.05.04,3,5,2022,4,1
10028601,2022.05.04,3,5,2022,4,1
10028701,2022.05.04,3,5,2022,4,1
10028801,2022.05.04,3,5,2022,4,1
10028901,2022.05.04,3,5,2022,4,1
10029001,2022.05.04,3,5,2022,4,1
10029101,2022.05.04,3,5,2022,4,1
10029201,2022.05.04,3,5,2022,4,1
10029301,2022.05.04,3,5,2022,4,1
10029401,2022.05.04,3,5,2022,4,1
10029501,2022.05.04,3,5,2022,4,1
10029601,2022.05.04,3,5,2022,4,1
10029701,2022.05.04,3,5,2022,4,1
10029801,2022.05.04,3,5,2022,4,1
10029901,2022.05.04,3,5,2022,4,1
10030001,2022.05.04,3,5,2022,4,1
10030101,2022.05.04,3,5,2022,4,1
10030201,2022.05.04,3,5,2022,4,1
10030301,2022.05.04,3,5,2022,4,1
10030401,2022.05.04,3,5,2022,4,1
10030501,2022.05.04,3,5,2022,4,1
10030601,2022.05.04,3,5,2022,4,1
10030701,2022.05.04,3,5,2022,4,1
10030801,2022.05.04,3,5,2022,4,1
10030901,2022.05.04,3,5,2022,4,1
10031001,2022.05.04,3,5,2022,4,1
10031101,2022.05.04,3,5,2022,4,1
10031201,2022.05.04,3,5,2022,4,1
10031301,2022.05.04,3,5,2022,4,1
10031401,2022.05.04,3,5,2022,4,1
10031501,2022.05.04,3,5,2022,4,1
10031601,2022.05.04,3,5,2022,4,1
10031701,2022.05.04,3,5,2022,4,1
10031801,2022.05.04,3,5,2022,4,1
10031901,2022.05.04,3,5,2022,4,1
10032001,2022.05.04,3,5,2022,4,1
10032101,2022.05.04,3,5,2022,4,1
10032201,2022.05.04,3,5,2022,4,1
10032301,2022.05.04,3,5,2022,4,1
10032401,2022.05.04,3,5,2022,4,1
10032501,2022.05.04,3,5,2022,4,1
10032601,2022.05.04,3,5,2022,4,1
10032701,2022.05.04,3,5,2022,4,1
10032801,2022.05.04,3,5,2022,4,1
10032901,2022.05.04,3,5,2022,4,1
10033001,2022.05.04,3,5,2022,4,1
10033101,2022.05.04,3,5,2022,4,1
10033201,2022.05.04,3,5,2022,4,1
10033301,2022.05.04,3,5,2022,4,1
10033401,2022.05.04,3,5,2022,4,1
10033501,2022.05.04,3,5,2022,4,1
10033601,2022.05.04,3,5,2022,4,1
10033701,2022.05.04,3,5,2022,4,1
10033801,2022.05.04,3,5,2022,4,1
10033901,2022.05.04,3,5,2022,4,1
10034001,2022.05.04,3,5,2022,4,1
10034101,2022.05.04,3,5,2022,4,1
10034201,2022.05.04,3,5,2022,4,1
10034301,2022.05.04,3,5,2022,4,1
10034401,2022.05.04,3,5,2022,4,1
10034501,2022.05.04,3,5,2022,4,1
10034601,2022.05.04,3,5,2022,4,1
10034701,2022.05.04,3,5,2022,4,1
10034801,2022.05.04,3,5,2022,4,1
10034901,2022.05.04,3,5,2022,4,1
10035001,2022.05.04,3,5,2022,4,1
10035101,2022.05.04,3,5,2022,4,1
10035201,2022.05.04,3,5,2022,4,1
10035301,2022.05.04,3,5,2022,4,1
10035401,2022.05.04,3,5,2022,4,1
10035501,2022.05.04,3,5,2022,4,1
10035601,2022.05.04,3,5,2022,4,1
10035701,2022.05.04,3,5,2022,4,1
10035801,2022.05.04,3,5,2022,4,1
10035901,2022.05.04,3,5,2022,4,1
10036001,2022.05.04,3,5,2022,4,1
10036101,2022.05.04,3,5,2022,4,1
10036201,2022.05.04,3,5,2022,4,1
10036301,2022.05.04,3,5,2022,4,1
10036401,2022.05.04,3,5,2022,4,1
10036501,2022.05.04,3,5,2022,4,1
10036601,2022.05.04,3,5,2022,4,1
10036701,2022.05.04,3,5,2022,4,1
10036801,2022.05.04,3,5,2022,4,1
10036901,2022.05.04,3,5,2022,4,1
10037001,2022.05.04,3,5,2022,4,1
10037101,2022.05.04,3,5,2022,4,1
10037201,2022.05.04,3,5,2022,4,1
10037301,2022.05.04,3,5,2022,4,1
10037401,2022.05.04,3,5,2022,4,1
10037501,2022.05.04,3,5,2022,4,1
10037601,2022.05.06,5,5,2022,6,1
10037701,2022.05.04,3,5,2022,4,1
10037801,2022.05.04,3,5,2022,4,1
10037901,2022.05.04,3,5,2022,4,1
10038001,2022.05.04,3,5,2022,4,1
10038101,2022.05.04,3,5,2022,4,1
10038201,2022.05.04,3,5,2022,4,1
10038301,2022.05.04,3,5,2022,4,1
10038401,2022.05.04,3,5,2022,4,1
10038501,2022.05.04,3,5,2022,4,1
10038601,2022.05.04,3,5,2022,4,1
10038701,2022.05.04,3,5,2022,4,1
10038801,2022.05.04,3,5,2022,4,1
10038901,2022.05.04,3,5,2022,4,1
10039001,2022.05.04,3,5,2022,4,1
10039101,2022.05.04,3,5,2022,4,1
10039201,2022.05.04,3,5,2022,4,1
10039301,2022.05.04,3,5,2022,4,1
10039401,2022.05.04,3,5,2022,4,1
10039501,2022.05.04,3,5,2022,4,1
10039601,2022.05.04,3,5,2022,4,1
10039701,2022.05.04,3,5,2022,4,1
10039801,2022.05.04,3,5,2022,4,1
10039901,2022.05.04,3,5,2022,4,1
10040001,2022.05.04,3,5,2022,4,1
10040101,2022.05.04,3,5,2022,4,1
10040201,2022.05.04,3,5,2022,4,1
10040301,2022.05.04,3,5,2022,4,1
10040401,2022.05.04,3,5,2022,4,1
10040501,2022.05.04,3,5,2022,4,1
10040601,2022.05.04,3,5,2022,4,1
10040701,2022.05.04,3,5,2022,4,1
10040801,2022.05.04,3,5,2022,4,1
10040901,2022.05.04,3,5,2022,4,1
10041001,2022.05.04,3,5,2022,4,1
10041101,2022.05.04,3,5,2022,4,1
10041201,2022.05.04,3,5,2022,4,1
10041301,2022.05.04,3,5,2022,4,1
10041401,2022.05.04,3,5,2022,4,1
10041501,2022.05.04,3,5,2022,4,1
10041601,2022.05.04,3,5,2022,4,1
10041701,2022.05.04,3,5,2022,4,1
10041801,2022.05.04,3,5,2022,4,1
10041901,2022.05.04,3,5,2022,4,1
10042001,2022.05.04,3,5,2022,4,1
10042101,2022.05.04,3,5,2022,4,1
10042201,2022.05.04,3,5,2022,4,1
10042301,2022.05.04,3,5,2022,4,1
10042401,2022.05.04,3,5,2022,4,1
10042501,2022.05.04,3,5,2022,4,1
10042601,2022.05.04,3,5,2022,4,1
10042701,2022.05.04,3,5,2022,4,1
10042801,2022.05.04,3,5,2022,4,1
10042901,2022.05.04,3,5,2022,4,1
10043001,2022.05.04,3,5,2022,4,1
10043101,2022.05.05,4,5,2022,5,1
10043201,2022.05.04,3,5,2022,4,1
10043301,2022.05.04,3,5,2022,4,1
10043401,2022.05.04,3,5,2022,4,1
10043501,2022.05.04,3,5,2022,4,1
10043601,2022.05.04,3,5,2022,4,1
10043701,2022.05.04,3,5,2022,4,1
10043801,2022.05.04,3,5,2022,4,1
10043901,2022.05.04,3,5,2022,4,1
10044001,2022.05.04,3,5,2022,4,1
10044101,2022.05.04,3,5,2022,4,1
10044201,2022.05.04,3,5,2022,4,1
10044301,2022.05.04,3,5,2022,4,1
10044401,2022.05.04,3,5,2022,4,1
10044501,2022.05.04,3,5,2022,4,1
10044601,2022.05.04,3,5,2022,4,1
10044701,2022.05.04,3,5,2022,4,1
10044801,2022.05.04,3,5,2022,4,1
10044901,2022.05.04,3,5,2022,4,1
10045001,2022.05.04,3,5,2022,4,1
10045101,2022.05.04,3,5,2022,4,1
10045201,2022.05.04,3,5,2022,4,1
10045301,2022.05.04,3,5,2022,4,1
10045401,2022.05.04,3,5,2022,4,1
10045501,2022.05.04,3,5,2022,4,1
10045601,2022.05.04,3,5,2022,4,1
10045701,2022.05.04,3,5,2022,4,1
10045801,2022.05.04,3,5,2022,4,1
10045901,2022.05.04,3,5,2022,4,1
10046001,2022.05.04,3,5,2022,4,1
10046101,2022.05.04,3,5,2022,4,1
10046201,2022.05.04,3,5,2022,4,1
10046301,2022.05.04,3,5,2022,4,1
10046401,2022.05.04,3,5,2022,4,1
10046501,2022.05.04,3,5,2022,4,1
10046601,2022.05.04,3,5,2022,4,1
10046701,2022.05.04,3,5,2022,4,1
10046801,2022.05.04,3,5,2022,4,1
10046901,2022.05.04,3,5,2022,4,1
10047001,2022.05.04,3,5,2022,4,1
10047101,2022.05.04,3,5,2022,4,1
10047201,2022.05.04,3,5,2022,4,1
10047301,2022.05.04,3,5,2022,4,1
10047401,2022.05.04,3,5,2022,4,1
10047501,2022.05.04,3,5,2022,4,1
10047601,2022.05.04,3,5,2022,4,1
10047701,2022.05.04,3,5,2022,4,1
10047801,2022.05.04,3,5,2022,4,1
10047901,2022.05.04,3,5,2022,4,1
10048001,2022.05.04,3,5,2022,4,1
10048101,2022.05.04,3,5,2022,4,1
10048201,2022.05.04,3,5,2022,4,1
10048301,2022.05.04,3,5,2022,4,1
10048401,2022.05.04,3,5,2022,4,1
10048501,2022.05.04,3,5,2022,4,1
10048601,2022.05.04,3,5,2022,4,1
10048701,2022.05.04,3,5,2022,4,1
10048801,2022.05.04,3,5,2022,4,1
10048901,2022.05.04,3,5,2022,4,1
10049001,2022.05.04,3,5,2022,4,1
10049101,2022.05.04,3,5,2022,4,1
10049201,2022.05.04,3,5,2022,4,1
10049301,2022.05.04,3,5,2022,4,1
10049401,2022.05.04,3,5,2022,4,1
10049501,2022.05.04,3,5,2022,4,1
10049601,2022.05.04,3,5,2022,4,1
10049701,2022.05.04,3,5,2022,4,1
10049801,2022.05.04,3,5,2022,4,1
10049901,2022.05.05,4,5,2022,5,1
10050001,2022.05.05,4,5,2022,5,1
10050101,2022.05.05,4,5,2022,5,1
10050201,2022.05.05,4,5,2022,5,1
10050301,2022.05.05,4,5,2022,5,1
10050401,2022.05.05,4,5,2022,5,1
10050501,2022.05.05,4,5,2022,5,1
10050601,2022.05.05,4,5,2022,5,1
10050701,2022.05.05,4,5,2022,5,1
10050801,2022.05.05,4,5,2022,5,1
10050901,2022.05.05,4,5,2022,5,1
10051001,2022.05.05,4,5,2022,5,1
10051101,2022.05.05,4,5,2022,5,1
10051201,2022.05.05,4,5,2022,5,1
10051301,2022.05.05,4,5,2022,5,1
10051401,2022.05.05,4,5,2022,5,1
10051501,2022.05.05,4,5,2022,5,1
10051601,2022.05.05,4,5,2022,5,1
10051701,2022.05.05,4,5,2022,5,1
10051801,2022.05.05,4,5,2022,5,1
10051901,2022.05.05,4,5,2022,5,1
10052001,2022.05.05,4,5,2022,5,1
10052101,2022.05.05,4,5,2022,5,1
10052201,2022.05.05,4,5,2022,5,1
10052301,2022.05.05,4,5,2022,5,1
10052401,2022.05.05,4,5,2022,5,1
10052501,2022.05.05,4,5,2022,5,1
10052601,2022.05.05,4,5,2022,5,1
10052701,2022.05.05,4,5,2022,5,1
10052801,2022.05.05,4,5,2022,5,1
10052901,2022.05.05,4,5,2022,5,1
10053001,2022.05.05,4,5,2022,5,1
10053101,2022.05.05,4,5,2022,5,1
10053201,2022.05.05,4,5,2022,5,1
10053301,2022.05.05,4,5,2022,5,1
10053401,2022.05.05,4,5,2022,5,1
10053501,2022.05.05,4,5,2022,5,1
10053601,2022.05.05,4,5,2022,5,1
10053701,2022.05.05,4,5,2022,5,1
10053801,2022.05.05,4,5,2022,5,1
10053901,2022.05.05,4,5,2022,5,1
10054001,2022.05.05,4,5,2022,5,1
10054101,2022.05.05,4,5,2022,5,1
10054201,2022.05.07,6,5,2022,7,1
10054301,2022.05.05,4,5,2022,5,1
10054401,2022.05.05,4,5,2022,5,1
10054501,2022.05.05,4,5,2022,5,1
10054601,2022.05.05,4,5,2022,5,1
10054701,2022.05.05,4,5,2022,5,1
10054801,2022.05.05,4,5,2022,5,1
10054901,2022.05.05,4,5,2022,5,1
10055001,2022.05.05,4,5,2022,5,1
10055101,2022.05.05,4,5,2022,5,1
10055201,2022.05.05,4,5,2022,5,1
10055301,2022.05.05,4,5,2022,5,1
10055401,2022.05.05,4,5,2022,5,1
10055501,2022.05.05,4,5,2022,5,1
10055601,2022.05.05,4,5,2022,5,1
10055701,2022.05.05,4,5,2022,5,1
10055801,2022.05.05,4,5,2022,5,1
10055901,2022.05.05,4,5,2022,5,1
10056001,2022.05.05,4,5,2022,5,1
10056101,2022.05.05,4,5,2022,5,1
10056201,2022.05.05,4,5,2022,5,1
10056301,2022.05.05,4,5,2022,5,1
10056401,2022.05.05,4,5,2022,5,1
10056501,2022.05.05,4,5,2022,5,1
10056601,2022.05.05,4,5,2022,5,1
10056701,2022.05.05,4,5,2022,5,1
10056801,2022.05.05,4,5,2022,5,1
10056901,2022.05.05,4,5,2022,5,1
10057001,2022.05.05,4,5,2022,5,1
10057101,2022.05.05,4,5,2022,5,1
10057201,2022.05.05,4,5,2022,5,1
10057301,2022.05.05,4,5,2022,5,1
10057401,2022.05.05,4,5,2022,5,1
10057501,2022.05.05,4,5,2022,5,1
10057601,2022.05.05,4,5,2022,5,1
10057701,2022.05.05,4,5,2022,5,1
10057801,2022.05.05,4,5,2022,5,1
10057901,2022.05.05,4,5,2022,5,1
10058001,2022.05.05,4,5,2022,5,1
10058101,2022.05.05,4,5,2022,5,1
10058201,2022.05.05,4,5,2022,5,1
10058301,2022.05.05,4,5,2022,5,1
10058401,2022.05.05,4,5,2022,5,1
10058501,2022.05.05,4,5,2022,5,1
10058601,2022.05.05,4,5,2022,5,1
10058701,2022.05.05,4,5,2022,5,1
10058801,2022.05.05,4,5,2022,5,1
10058901,2022.05.05,4,5,2022,5,1
10059001,2022.05.05,4,5,2022,5,1
10059101,2022.05.05,4,5,2022,5,1
10059201,2022.05.05,4,5,2022,5,1
10059301,2022.05.05,4,5,2022,5,1
10059401,2022.05.05,4,5,2022,5,1
10059501,2022.05.05,4,5,2022,5,1
10059601,2022.05.05,4,5,2022,5,1
10059701,2022.05.05,4,5,2022,5,1
10059801,2022.05.05,4,5,2022,5,1
10059901,2022.05.05,4,5,2022,5,1
10060001,2022.05.05,4,5,2022,5,1
10060101,2022.05.05,4,5,2022,5,1
10060201,2022.05.05,4,5,2022,5,1
10060301,2022.05.05,4,5,2022,5,1
10060401,2022.05.05,4,5,2022,5,1
10060501,2022.05.05,4,5,2022,5,1
10060601,2022.05.05,4,5,2022,5,1
10060701,2022.05.05,4,5,2022,5,1
10060801,2022.05.05,4,5,2022,5,1
10060901,2022.05.05,4,5,2022,5,1
10061001,2022.05.05,4,5,2022,5,1
10061101,2022.05.05,4,5,2022,5,1
10061201,2022.05.05,4,5,2022,5,1
10061301,2022.05.05,4,5,2022,5,1
10061401,2022.05.05,4,5,2022,5,1
10061501,2022.05.05,4,5,2022,5,1
10061601,2022.05.05,4,5,2022,5,1
10061701,2022.05.05,4,5,2022,5,1
10061801,2022.05.05,4,5,2022,5,1
10061901,2022.05.05,4,5,2022,5,1
10062001,2022.05.05,4,5,2022,5,1
10062101,2022.05.05,4,5,2022,5,1
10062201,2022.05.05,4,5,2022,5,1
10062301,2022.05.05,4,5,2022,5,1
10062401,2022.05.05,4,5,2022,5,1
10062501,2022.05.05,4,5,2022,5,1
10062601,2022.05.05,4,5,2022,5,1
10062701,2022.05.05,4,5,2022,5,1
10062801,2022.05.05,4,5,2022,5,1
10062901,2022.05.05,4,5,2022,5,1
10063001,2022.05.05,4,5,2022,5,1
10063101,2022.05.05,4,5,2022,5,1
10063201,2022.05.05,4,5,2022,5,1
10063301,2022.05.05,4,5,2022,5,1
10063401,2022.05.05,4,5,2022,5,1
10063501,2022.05.05,4,5,2022,5,1
10063601,2022.05.05,4,5,2022,5,1
10063701,2022.05.05,4,5,2022,5,1
10063801,2022.05.05,4,5,2022,5,1
10063901,2022.05.05,4,5,2022,5,1
10064001,2022.05.05,4,5,2022,5,1
10064101,2022.05.05,4,5,2022,5,1
10064201,2022.05.05,4,5,2022,5,1
10064301,2022.05.05,4,5,2022,5,1
10064401,2022.05.05,4,5,2022,5,1
10064501,2022.05.05,4,5,2022,5,1
10064601,2022.05.05,4,5,2022,5,1
10064701,2022.05.05,4,5,2022,5,1
10064801,2022.05.05,4,5,2022,5,1
10064901,2022.05.05,4,5,2022,5,1
10065001,2022.05.05,4,5,2022,5,1
10065101,2022.05.05,4,5,2022,5,1
10065201,2022.05.05,4,5,2022,5,1
10065301,2022.05.05,4,5,2022,5,1
10065401,2022.05.05,4,5,2022,5,1
10065501,2022.05.05,4,5,2022,5,1
10065601,2022.05.05,4,5,2022,5,1
10065701,2022.05.05,4,5,2022,5,1
10065801,2022.05.05,4,5,2022,5,1
10065901,2022.05.05,4,5,2022,5,1
10066001,2022.05.05,4,5,2022,5,1
10066101,2022.05.05,4,5,2022,5,1
10066201,2022.05.05,4,5,2022,5,1
10066301,2022.05.05,4,5,2022,5,1
10066401,2022.05.05,4,5,2022,5,1
10066501,2022.05.06,5,5,2022,6,1
10066601,2022.05.06,5,5,2022,6,1
10066701,2022.05.06,5,5,2022,6,1
10066801,2022.05.06,5,5,2022,6,1
10066901,2022.05.06,5,5,2022,6,1
10067001,2022.05.06,5,5,2022,6,1
10067101,2022.05.06,5,5,2022,6,1
10067201,2022.05.06,5,5,2022,6,1
10067301,2022.05.06,5,5,2022,6,1
10067401,2022.05.06,5,5,2022,6,1
10067501,2022.05.06,5,5,2022,6,1
10067601,2022.05.06,5,5,2022,6,1
10067701,2022.05.06,5,5,2022,6,1
10067801,2022.05.06,5,5,2022,6,1
10067901,2022.05.06,5,5,2022,6,1
10068001,2022.05.06,5,5,2022,6,1
10068101,2022.05.06,5,5,2022,6,1
10068201,2022.05.06,5,5,2022,6,1
10068301,2022.05.06,5,5,2022,6,1
10068401,2022.05.06,5,5,2022,6,1
10068501,2022.05.06,5,5,2022,6,1
10068601,2022.05.06,5,5,2022,6,1
10068701,2022.05.06,5,5,2022,6,1
10068801,2022.05.06,5,5,2022,6,1
10068901,2022.05.06,5,5,2022,6,1
10069001,2022.05.06,5,5,2022,6,1
10069101,2022.05.07,6,5,2022,7,1
10069201,2022.05.06,5,5,2022,6,1
10069301,2022.05.06,5,5,2022,6,1
10069401,2022.05.06,5,5,2022,6,1
10069501,2022.05.07,6,5,2022,7,1
10069601,2022.05.07,6,5,2022,7,1
10069701,2022.05.07,6,5,2022,7,1
10069801,2022.05.07,6,5,2022,7,1
10069901,2022.05.07,6,5,2022,7,1
10070001,2022.05.07,6,5,2022,7,1
10070101,2022.05.07,6,5,2022,7,1
10070201,2022.05.07,6,5,2022,7,1
10070301,2022.05.07,6,5,2022,7,1
10070401,2022.05.07,6,5,2022,7,1
10070501,2022.05.07,6,5,2022,7,1
10070601,2022.05.07,6,5,2022,7,1
10070701,2022.05.07,6,5,2022,7,1
10070801,2022.05.07,6,5,2022,7,1
10070901,2022.05.07,6,5,2022,7,1
10071001,2022.05.07,6,5,2022,7,1
10071101,2022.05.07,6,5,2022,7,1
10071201,2022.05.08,0,5,2022,8,1
10071301,2022.05.08,0,5,2022,8,1
10071401,2022.05.08,0,5,2022,8,1
10071501,2022.05.08,0,5,2022,8,1
10071601,2022.05.08,0,5,2022,8,1
10071701,2022.05.08,0,5,2022,8,1
10071801,2022.05.08,0,5,2022,8,1
10071901,2022.05.08,0,5,2022,8,1
10072001,2022.05.08,0,5,2022,8,1
10072101,2022.05.08,0,5,2022,8,1
10072201,2022.05.08,0,5,2022,8,1
10072301,2022.05.08,0,5,2022,8,1
10072401,2022.05.08,0,5,2022,8,1
10072501,2022.05.08,0,5,2022,8,1
10072601,2022.05.08,0,5,2022,8,1
10072701,2022.05.08,0,5,2022,8,1
10072801,2022.05.08,0,5,2022,8,1
10072901,2022.05.08,0,5,2022,8,1
10073001,2022.05.08,0,5,2022,8,1
10073101,2022.05.08,0,5,2022,8,1
10073201,2022.05.08,0,5,2022,8,1
10073301,2022.05.08,0,5,2022,8,1
10073401,2022.05.08,0,5,2022,8,1
10073501,2022.05.08,0,5,2022,8,1
10073601,2022.05.08,0,5,2022,8,1
10073701,2022.05.08,0,5,2022,8,1
10073801,2022.05.08,0,5,2022,8,1
10073901,2022.05.08,0,5,2022,8,1
10074001,2022.05.08,0,5,2022,8,1
10074101,2022.05.08,0,5,2022,8,1
10074201,2022.05.08,0,5,2022,8,1
10074301,2022.05.08,0,5,2022,8,1
10074401,2022.05.08,0,5,2022,8,1
10074501,2022.05.08,0,5,2022,8,1
10074601,2022.05.08,0,5,2022,8,1
10074701,2022.05.08,0,5,2022,8,1
10074801,2022.05.08,0,5,2022,8,1
10074901,2022.05.08,0,5,2022,8,1
10075001,2022.05.08,0,5,2022,8,1
10075101,2022.05.08,0,5,2022,8,1
10075201,2022.05.08,0,5,2022,8,1
10075301,2022.05.08,0,5,2022,8,1
10075401,2022.05.08,0,5,2022,8,1
10075501,2022.05.08,0,5,2022,8,1
10075601,2022.05.08,0,5,2022,8,1
10075701,2022.05.08,0,5,2022,8,1
10075801,2022.05.08,0,5,2022,8,1
10075901,2022.05.08,0,5,2022,8,1
10076001,2022.05.08,0,5,2022,8,1
10076101,2022.05.08,0,5,2022,8,1
10076201,2022.05.08,0,5,2022,8,1
10076301,2022.05.08,0,5,2022,8,1
10076401,2022.05.08,0,5,2022,8,1
10076501,2022.05.08,0,5,2022,8,1
10076601,2022.05.08,0,5,2022,8,1
10076701,2022.05.08,0,5,2022,8,1
10076801,2022.05.08,0,5,2022,8,1
10076901,2022.05.08,0,5,2022,8,1
10077001,2022.05.08,0,5,2022,8,1
10077101,2022.05.08,0,5,2022,8,1
10077201,2022.05.08,0,5,2022,8,1
10077301,2022.05.08,0,5,2022,8,1
10077401,2022.05.08,0,5,2022,8,1
10077501,2022.05.08,0,5,2022,8,1
10077601,2022.05.08,0,5,2022,8,1
10077701,2022.05.08,0,5,2022,8,1
10077801,2022.05.08,0,5,2022,8,1
10077901,2022.05.08,0,5,2022,8,1
10078001,2022.05.08,0,5,2022,8,1
10078101,2022.05.08,0,5,2022,8,1
10078201,2022.05.08,0,5,2022,8,1
10078301,2022.05.08,0,5,2022,8,1
10078401,2022.05.08,0,5,2022,8,1
10078501,2022.05.08,0,5,2022,8,1
10078601,2022.05.08,0,5,2022,8,1
10078701,2022.05.08,0,5,2022,8,1
10078801,2022.05.08,0,5,2022,8,1
10078901,2022.05.08,0,5,2022,8,1
10079001,2022.05.08,0,5,2022,8,1
10079101,2022.05.08,0,5,2022,8,1
10079201,2022.05.08,0,5,2022,8,1
10079301,2022.05.08,0,5,2022,8,1
10079401,2022.05.08,0,5,2022,8,1
10079501,2022.05.08,0,5,2022,8,1
10079601,2022.05.08,0,5,2022,8,1
10079701,2022.05.08,0,5,2022,8,1
10079801,2022.05.08,0,5,2022,8,1
10079901,2022.05.08,0,5,2022,8,1
10080001,2022.05.08,0,5,2022,8,1
10080101,2022.05.08,0,5,2022,8,1
10080201,2022.05.08,0,5,2022,8,1
10080301,2022.05.08,0,5,2022,8,1
10080401,2022.05.08,0,5,2022,8,1
10080501,2022.05.08,0,5,2022,8,1
10080601,2022.05.08,0,5,2022,8,1
10080701,2022.05.08,0,5,2022,8,1
10080801,2022.05.08,0,5,2022,8,1
10080901,2022.05.08,0,5,2022,8,1
10081001,2022.05.08,0,5,2022,8,1
10081101,2022.05.08,0,5,2022,8,1
10081201,2022.05.08,0,5,2022,8,1
10081301,2022.05.08,0,5,2022,8,1
10081401,2022.05.08,0,5,2022,8,1
10081501,2022.05.08,0,5,2022,8,1
10081601,2022.05.08,0,5,2022,8,1
10081701,2022.05.08,0,5,2022,8,1
10081801,2022.05.08,0,5,2022,8,1
10081901,2022.05.08,0,5,2022,8,1
10082001,2022.05.08,0,5,2022,8,1
10082101,2022.05.08,0,5,2022,8,1
10082201,2022.05.08,0,5,2022,8,1
10082301,2022.05.08,0,5,2022,8,1
10082401,2022.05.08,0,5,2022,8,1
10082501,2022.05.08,0,5,2022,8,1
10082601,2022.05.08,0,5,2022,8,1
10082701,2022.05.08,0,5,2022,8,1
10082801,2022.05.08,0,5,2022,8,1
10082901,2022.05.08,0,5,2022,8,1
10083001,2022.05.08,0,5,2022,8,1
10083101,2022.05.08,0,5,2022,8,1
10083201,2022.05.08,0,5,2022,8,1
10083301,2022.05.08,0,5,2022,8,1
10083401,2022.05.08,0,5,2022,8,1
10083501,2022.05.08,0,5,2022,8,1
10083601,2022.05.08,0,5,2022,8,1
10083701,2022.05.08,0,5,2022,8,1
10083801,2022.05.08,0,5,2022,8,1
10083901,2022.05.08,0,5,2022,8,1
10084001,2022.05.08,0,5,2022,8,1
10084101,2022.05.08,0,5,2022,8,1
10084201,2022.05.08,0,5,2022,8,1
10084301,2022.05.08,0,5,2022,8,1
10084401,2022.05.08,0,5,2022,8,1
10084501,2022.05.08,0,5,2022,8,1
10084601,2022.05.08,0,5,2022,8,1
10084701,2022.05.08,0,5,2022,8,1
10084801,2022.05.08,0,5,2022,8,1
10084901,2022.05.08,0,5,2022,8,1
10085001,2022.05.08,0,5,2022,8,1
10085101,2022.05.08,0,5,2022,8,1
10085201,2022.05.08,0,5,2022,8,1
10085301,2022.05.08,0,5,2022,8,1
10085401,2022.05.08,0,5,2022,8,1
10085501,2022.05.08,0,5,2022,8,1
10085601,2022.05.08,0,5,2022,8,1
10085701,2022.05.08,0,5,2022,8,1
10085801,2022.05.08,0,5,2022,8,1
10085901,2022.05.08,0,5,2022,8,1
10086001,2022.05.08,0,5,2022,8,1
10086101,2022.05.08,0,5,2022,8,1
10086201,2022.05.08,0,5,2022,8,1
10086301,2022.05.08,0,5,2022,8,1
10086401,2022.05.09,1,5,2022,9,1
10086501,2022.05.08,0,5,2022,8,1
10086601,2022.05.08,0,5,2022,8,1
10086701,2022.05.08,0,5,2022,8,1
10086801,2022.05.08,0,5,2022,8,1
10086901,2022.05.09,1,5,2022,9,1
10087001,2022.05.08,0,5,2022,8,1
10087101,2022.05.08,0,5,2022,8,1
10087201,2022.05.08,0,5,2022,8,1
10087301,2022.05.08,0,5,2022,8,1
10087401,2022.05.08,0,5,2022,8,1
10087501,2022.05.08,0,5,2022,8,1
10087601,2022.05.08,0,5,2022,8,1
10087701,2022.05.08,0,5,2022,8,1
10087801,2022.05.08,0,5,2022,8,1
10087901,2022.05.08,0,5,2022,8,1
10088001,2022.05.08,0,5,2022,8,1
10088101,2022.05.08,0,5,2022,8,1
10088201,2022.05.08,0,5,2022,8,1
10088301,2022.05.08,0,5,2022,8,1
10088401,2022.05.08,0,5,2022,8,1
10088501,2022.05.08,0,5,2022,8,1
10088601,2022.05.08,0,5,2022,8,1
10088701,2022.05.08,0,5,2022,8,1
10088801,2022.05.08,0,5,2022,8,1
10088901,2022.05.08,0,5,2022,8,1
10089001,2022.05.08,0,5,2022,8,1
10089101,2022.05.08,0,5,2022,8,1
10089201,2022.05.08,0,5,2022,8,1
10089301,2022.05.08,0,5,2022,8,1
10089401,2022.05.08,0,5,2022,8,1
10089501,2022.05.08,0,5,2022,8,1
10089601,2022.05.08,0,5,2022,8,1
10089701,2022.05.08,0,5,2022,8,1
10089801,2022.05.08,0,5,2022,8,1
10089901,2022.05.08,0,5,2022,8,1
10090001,2022.05.08,0,5,2022,8,1
10090101,2022.05.08,0,5,2022,8,1
10090201,2022.05.08,0,5,2022,8,1
10090301,2022.05.08,0,5,2022,8,1
10090401,2022.05.08,0,5,2022,8,1
10090501,2022.05.08,0,5,2022,8,1
10090601,2022.05.08,0,5,2022,8,1
10090701,2022.05.08,0,5,2022,8,1
10090801,2022.05.08,0,5,2022,8,1
10090901,2022.05.08,0,5,2022,8,1
10091001,2022.05.08,0,5,2022,8,1
10091101,2022.05.08,0,5,2022,8,1
10091201,2022.05.08,0,5,2022,8,1
10091301,2022.05.08,0,5,2022,8,1
10091401,2022.05.08,0,5,2022,8,1
10091501,2022.05.08,0,5,2022,8,1
10091601,2022.05.08,0,5,2022,8,1
10091701,2022.05.08,0,5,2022,8,1
10091801,2022.05.08,0,5,2022,8,1
10091901,2022.05.08,0,5,2022,8,1
10092001,2022.05.08,0,5,2022,8,1
10092101,2022.05.08,0,5,2022,8,1
10092201,2022.05.08,0,5,2022,8,1
10092301,2022.05.08,0,5,2022,8,1
10092401,2022.05.08,0,5,2022,8,1
10092501,2022.05.08,0,5,2022,8,1
10092601,2022.05.08,0,5,2022,8,1
10092701,2022.05.08,0,5,2022,8,1
10092801,2022.05.08,0,5,2022,8,1
10092901,2022.05.08,0,5,2022,8,1
10093001,2022.05.08,0,5,2022,8,1
10093101,2022.05.08,0,5,2022,8,1
10093201,2022.05.08,0,5,2022,8,1
10093301,2022.05.08,0,5,2022,8,1
10093401,2022.05.08,0,5,2022,8,1
10093501,2022.05.08,0,5,2022,8,1
10093601,2022.05.08,0,5,2022,8,1
10093701,2022.05.08,0,5,2022,8,1
10093801,2022.05.08,0,5,2022,8,1
10093901,2022.05.08,0,5,2022,8,1
10094001,2022.05.08,0,5,2022,8,1
10094101,2022.05.08,0,5,2022,8,1
10094201,2022.05.09,1,5,2022,9,1
10094301,2022.05.09,1,5,2022,9,1
10094401,2022.05.09,1,5,2022,9,1
10094501,2022.05.09,1,5,2022,9,1
10094601,2022.05.09,1,5,2022,9,1
10094701,2022.05.09,1,5,2022,9,1
10094801,2022.05.09,1,5,2022,9,1
10094901,2022.05.09,1,5,2022,9,1
10095001,2022.05.09,1,5,2022,9,1
10095101,2022.05.09,1,5,2022,9,1
10095201,2022.05.09,1,5,2022,9,1
10095301,2022.05.09,1,5,2022,9,1
10095401,2022.05.09,1,5,2022,9,1
10095501,2022.05.09,1,5,2022,9,1
10095601,2022.05.09,1,5,2022,9,1
10095701,2022.05.09,1,5,2022,9,1
10095801,2022.05.09,1,5,2022,9,1
10095901,2022.05.09,1,5,2022,9,1
10096001,2022.05.09,1,5,2022,9,1
10096101,2022.05.09,1,5,2022,9,1
10096201,2022.05.09,1,5,2022,9,1
10096301,2022.05.09,1,5,2022,9,1
10096401,2022.05.09,1,5,2022,9,1
10096501,2022.05.09,1,5,2022,9,1
10096601,2022.05.09,1,5,2022,9,1
10096701,2022.05.09,1,5,2022,9,1
10096801,2022.05.09,1,5,2022,9,1
10096901,2022.05.09,1,5,2022,9,1
10097001,2022.05.09,1,5,2022,9,1
10097101,2022.05.09,1,5,2022,9,1
10097201,2022.05.09,1,5,2022,9,1
10097301,2022.05.09,1,5,2022,9,1
10097401,2022.05.09,1,5,2022,9,1
10097501,2022.05.09,1,5,2022,9,1
10097601,2022.05.09,1,5,2022,9,1
10097701,2022.05.09,1,5,2022,9,1
10097801,2022.05.09,1,5,2022,9,1
10097901,2022.05.09,1,5,2022,9,1
10098001,2022.05.09,1,5,2022,9,1
10098101,2022.05.09,1,5,2022,9,1
10098201,2022.05.09,1,5,2022,9,1
10098301,2022.05.09,1,5,2022,9,1
10098401,2022.05.09,1,5,2022,9,1
10098501,2022.05.09,1,5,2022,9,1
10098601,2022.05.09,1,5,2022,9,1
10098701,2022.05.09,1,5,2022,9,1
10098801,2022.05.09,1,5,2022,9,1
10098901,2022.05.10,2,5,2022,10,1
10099001,2022.05.09,1,5,2022,9,1
10099101,2022.05.10,2,5,2022,10,1
10099201,2022.05.09,1,5,2022,9,1
10099301,2022.05.09,1,5,2022,9,1
10099401,2022.05.09,1,5,2022,9,1
10099501,2022.05.09,1,5,2022,9,1
10099601,2022.05.09,1,5,2022,9,1
10099701,2022.05.09,1,5,2022,9,1
10099801,2022.05.09,1,5,2022,9,1
10099901,2022.05.09,1,5,2022,9,1
10100001,2022.05.09,1,5,2022,9,1
10100101,2022.05.09,1,5,2022,9,1
10100201,2022.05.09,1,5,2022,9,1
10100301,2022.05.09,1,5,2022,9,1
10100401,2022.05.09,1,5,2022,9,1
10100501,2022.05.09,1,5,2022,9,1
10100601,2022.05.09,1,5,2022,9,1
10100701,2022.05.09,1,5,2022,9,1
10100801,2022.05.09,1,5,2022,9,1
10100901,2022.05.09,1,5,2022,9,1
10101001,2022.05.09,1,5,2022,9,1
10101101,2022.05.09,1,5,2022,9,1
10101201,2022.05.09,1,5,2022,9,1
10101301,2022.05.09,1,5,2022,9,1
10101401,2022.05.09,1,5,2022,9,1
10101501,2022.05.09,1,5,2022,9,1
10101601,2022.05.09,1,5,2022,9,1
10101701,2022.05.09,1,5,2022,9,1
10101801,2022.05.09,1,5,2022,9,1
10101901,2022.05.09,1,5,2022,9,1
10102001,2022.05.09,1,5,2022,9,1
10102101,2022.05.09,1,5,2022,9,1
10102201,2022.05.09,1,5,2022,9,1
10102301,2022.05.09,1,5,2022,9,1
10102401,2022.05.09,1,5,2022,9,1
10102501,2022.05.09,1,5,2022,9,1
10102601,2022.05.09,1,5,2022,9,1
10102701,2022.05.09,1,5,2022,9,1
10102801,2022.05.09,1,5,2022,9,1
10102901,2022.05.09,1,5,2022,9,1
10103001,2022.05.09,1,5,2022,9,1
10103101,2022.05.09,1,5,2022,9,1
10103201,2022.05.09,1,5,2022,9,1
10103301,2022.05.09,1,5,2022,9,1
10103401,2022.05.09,1,5,2022,9,1
10103501,2022.05.09,1,5,2022,9,1
10103601,2022.05.09,1,5,2022,9,1
10103701,2022.05.09,1,5,2022,9,1
10103801,2022.05.09,1,5,2022,9,1
10103901,2022.05.09,1,5,2022,9,1
10104101,2022.05.09,1,5,2022,9,1
10104201,2022.05.09,1,5,2022,9,1
10104301,2022.05.09,1,5,2022,9,1
10104401,2022.05.09,1,5,2022,9,1
10104501,2022.05.09,1,5,2022,9,1
10104601,2022.05.09,1,5,2022,9,1
10104701,2022.05.09,1,5,2022,9,1
10104801,2022.05.09,1,5,2022,9,1
10104901,2022.05.09,1,5,2022,9,1
10105001,2022.05.09,1,5,2022,9,1
10105101,2022.05.09,1,5,2022,9,1
10105201,2022.05.09,1,5,2022,9,1
10105301,2022.05.09,1,5,2022,9,1
10105401,2022.05.09,1,5,2022,9,1
10105501,2022.05.09,1,5,2022,9,1
10105601,2022.05.09,1,5,2022,9,1
10105701,2022.05.09,1,5,2022,9,1
10105801,2022.05.09,1,5,2022,9,1
10105901,2022.05.09,1,5,2022,9,1
10106001,2022.05.09,1,5,2022,9,1
10106101,2022.05.09,1,5,2022,9,1
10106201,2022.05.09,1,5,2022,9,1
10106301,2022.05.09,1,5,2022,9,1
10106401,2022.05.09,1,5,2022,9,1
10106501,2022.05.09,1,5,2022,9,1
10106601,2022.05.09,1,5,2022,9,1
10106701,2022.05.09,1,5,2022,9,1
10106801,2022.05.09,1,5,2022,9,1
10106901,2022.05.09,1,5,2022,9,1
10107001,2022.05.09,1,5,2022,9,1
10107101,2022.05.09,1,5,2022,9,1
10107201,2022.05.09,1,5,2022,9,1
10107301,2022.05.09,1,5,2022,9,1
10107401,2022.05.09,1,5,2022,9,1
10107501,2022.05.09,1,5,2022,9,1
10107601,2022.05.09,1,5,2022,9,1
10107701,2022.05.09,1,5,2022,9,1
10107801,2022.05.09,1,5,2022,9,1
10107901,2022.05.09,1,5,2022,9,1
10108001,2022.05.09,1,5,2022,9,1
10108101,2022.05.09,1,5,2022,9,1
10108201,2022.05.09,1,5,2022,9,1
10108301,2022.05.09,1,5,2022,9,1
10108401,2022.05.09,1,5,2022,9,1
10108501,2022.05.09,1,5,2022,9,1
10108601,2022.05.09,1,5,2022,9,1
10108701,2022.05.09,1,5,2022,9,1
10108801,2022.05.09,1,5,2022,9,1
10108901,2022.05.09,1,5,2022,9,1
10109001,2022.05.09,1,5,2022,9,1
10109101,2022.05.09,1,5,2022,9,1
10109201,2022.05.09,1,5,2022,9,1
10109301,2022.05.09,1,5,2022,9,1
10109401,2022.05.09,1,5,2022,9,1
10109501,2022.05.09,1,5,2022,9,1
10109601,2022.05.09,1,5,2022,9,1
10109701,2022.05.09,1,5,2022,9,1
10109801,2022.05.09,1,5,2022,9,1
10109901,2022.05.09,1,5,2022,9,1
10110001,2022.05.09,1,5,2022,9,1
10110101,2022.05.09,1,5,2022,9,1
10110201,2022.05.09,1,5,2022,9,1
10110301,2022.05.09,1,5,2022,9,1
10110401,2022.05.09,1,5,2022,9,1
10110501,2022.05.09,1,5,2022,9,1
10110601,2022.05.09,1,5,2022,9,1
10110701,2022.05.09,1,5,2022,9,1
10110801,2022.05.09,1,5,2022,9,1
10110901,2022.05.09,1,5,2022,9,1
10111001,2022.05.09,1,5,2022,9,1
10111101,2022.05.09,1,5,2022,9,1
10111201,2022.05.09,1,5,2022,9,1
10111301,2022.05.09,1,5,2022,9,1
10111401,2022.05.09,1,5,2022,9,1
10111501,2022.05.09,1,5,2022,9,1
10111601,2022.05.09,1,5,2022,9,1
10111701,2022.05.09,1,5,2022,9,1
10111801,2022.05.09,1,5,2022,9,1
10111901,2022.05.09,1,5,2022,9,1
10112001,2022.05.09,1,5,2022,9,1
10112101,2022.05.09,1,5,2022,9,1
10112201,2022.05.09,1,5,2022,9,1
10112301,2022.05.10,2,5,2022,10,1
10112401,2022.05.10,2,5,2022,10,1
10112501,2022.05.10,2,5,2022,10,1
10112601,2022.05.10,2,5,2022,10,1
10112701,2022.05.10,2,5,2022,10,1
10112801,2022.05.10,2,5,2022,10,1
10112901,2022.05.10,2,5,2022,10,1
10113001,2022.05.10,2,5,2022,10,1
10113101,2022.05.10,2,5,2022,10,1
10113201,2022.05.10,2,5,2022,10,1
10113301,2022.05.10,2,5,2022,10,1
10113401,2022.05.10,2,5,2022,10,1
10113501,2022.05.10,2,5,2022,10,1
10113601,2022.05.10,2,5,2022,10,1
10113701,2022.05.10,2,5,2022,10,1
10113801,2022.05.10,2,5,2022,10,1
10113901,2022.05.10,2,5,2022,10,1
10114001,2022.05.10,2,5,2022,10,1
10114101,2022.05.10,2,5,2022,10,1
10114201,2022.05.10,2,5,2022,10,1
10114301,2022.05.10,2,5,2022,10,1
10114401,2022.05.10,2,5,2022,10,1
10114501,2022.05.10,2,5,2022,10,1
10114601,2022.05.10,2,5,2022,10,1
10114701,2022.05.10,2,5,2022,10,1
10114801,2022.05.10,2,5,2022,10,1
10114901,2022.05.10,2,5,2022,10,1
10115001,2022.05.10,2,5,2022,10,1
10115101,2022.05.10,2,5,2022,10,1
10115201,2022.05.10,2,5,2022,10,1
10115301,2022.05.10,2,5,2022,10,1
10115401,2022.05.10,2,5,2022,10,1
10115501,2022.05.10,2,5,2022,10,1
10115601,2022.05.10,2,5,2022,10,1
10115701,2022.05.10,2,5,2022,10,1
10115801,2022.05.10,2,5,2022,10,1
10115901,2022.05.10,2,5,2022,10,1
10116001,2022.05.10,2,5,2022,10,1
10116101,2022.05.10,2,5,2022,10,1
10116201,2022.05.10,2,5,2022,10,1
10116301,2022.05.10,2,5,2022,10,1
10116401,2022.05.10,2,5,2022,10,1
10116501,2022.05.10,2,5,2022,10,1
10116601,2022.05.10,2,5,2022,10,1
10116701,2022.05.10,2,5,2022,10,1
10116801,2022.05.10,2,5,2022,10,1
10116901,2022.05.10,2,5,2022,10,1
10117001,2022.05.10,2,5,2022,10,1
10117101,2022.05.11,3,5,2022,11,1
10117201,2022.05.10,2,5,2022,10,1
10117301,2022.05.10,2,5,2022,10,1
10117401,2022.05.10,2,5,2022,10,1
10117501,2022.05.10,2,5,2022,10,1
10117601,2022.05.10,2,5,2022,10,1
10117701,2022.05.10,2,5,2022,10,1
10117801,2022.05.10,2,5,2022,10,1
10117901,2022.05.10,2,5,2022,10,1
10118001,2022.05.10,2,5,2022,10,1
10118101,2022.05.10,2,5,2022,10,1
10118201,2022.05.10,2,5,2022,10,1
10118301,2022.05.10,2,5,2022,10,1
10118401,2022.05.10,2,5,2022,10,1
10118501,2022.05.10,2,5,2022,10,1
10118601,2022.05.10,2,5,2022,10,1
10118701,2022.05.10,2,5,2022,10,1
10118801,2022.05.10,2,5,2022,10,1
10118901,2022.05.10,2,5,2022,10,1
10119001,2022.05.10,2,5,2022,10,1
10119101,2022.05.10,2,5,2022,10,1
10119201,2022.05.10,2,5,2022,10,1
10119301,2022.05.10,2,5,2022,10,1
10119401,2022.05.10,2,5,2022,10,1
10119501,2022.05.10,2,5,2022,10,1
10119601,2022.05.10,2,5,2022,10,1
10119701,2022.05.10,2,5,2022,10,1
10119801,2022.05.10,2,5,2022,10,1
10119901,2022.05.10,2,5,2022,10,1
10120001,2022.05.10,2,5,2022,10,1
10120101,2022.05.10,2,5,2022,10,1
10120201,2022.05.10,2,5,2022,10,1
10120301,2022.05.10,2,5,2022,10,1
10120401,2022.05.10,2,5,2022,10,1
10120501,2022.05.10,2,5,2022,10,1
10120601,2022.05.10,2,5,2022,10,1
10120701,2022.05.10,2,5,2022,10,1
10120801,2022.05.10,2,5,2022,10,1
10120901,2022.05.10,2,5,2022,10,1
10121001,2022.05.10,2,5,2022,10,1
10121101,2022.05.10,2,5,2022,10,1
10121201,2022.05.10,2,5,2022,10,1
10121301,2022.05.10,2,5,2022,10,1
10121401,2022.05.10,2,5,2022,10,1
10121501,2022.05.10,2,5,2022,10,1
10121601,2022.05.10,2,5,2022,10,1
10121701,2022.05.10,2,5,2022,10,1
10121801,2022.05.10,2,5,2022,10,1
10121901,2022.05.10,2,5,2022,10,1
10122001,2022.05.10,2,5,2022,10,1
10122101,2022.05.10,2,5,2022,10,1
10122201,2022.05.10,2,5,2022,10,1
10122301,2022.05.10,2,5,2022,10,1
10122401,2022.05.10,2,5,2022,10,1
10122501,2022.05.10,2,5,2022,10,1
10122601,2022.05.10,2,5,2022,10,1
10122701,2022.05.10,2,5,2022,10,1
10122801,2022.05.10,2,5,2022,10,1
10122901,2022.05.10,2,5,2022,10,1
10123001,2022.05.10,2,5,2022,10,1
10123101,2022.05.10,2,5,2022,10,1
10123201,2022.05.10,2,5,2022,10,1
10123301,2022.05.10,2,5,2022,10,1
10123401,2022.05.10,2,5,2022,10,1
10123501,2022.05.10,2,5,2022,10,1
10123601,2022.05.10,2,5,2022,10,1
10123701,2022.05.10,2,5,2022,10,1
10123801,2022.05.10,2,5,2022,10,1
10123901,2022.05.10,2,5,2022,10,1
10124001,2022.05.10,2,5,2022,10,1
10124101,2022.05.10,2,5,2022,10,1
10124201,2022.05.10,2,5,2022,10,1
10124301,2022.05.10,2,5,2022,10,1
10124401,2022.05.10,2,5,2022,10,1
10124501,2022.05.10,2,5,2022,10,1
10124601,2022.05.10,2,5,2022,10,1
10124701,2022.05.10,2,5,2022,10,1
10124801,2022.05.10,2,5,2022,10,1
10124901,2022.05.10,2,5,2022,10,1
10125001,2022.05.10,2,5,2022,10,1
10125101,2022.05.10,2,5,2022,10,1
10125201,2022.05.10,2,5,2022,10,1
10125301,2022.05.10,2,5,2022,10,1
10125401,2022.05.10,2,5,2022,10,1
10125501,2022.05.10,2,5,2022,10,1
10125601,2022.05.10,2,5,2022,10,1
10125701,2022.05.10,2,5,2022,10,1
10125801,2022.05.10,2,5,2022,10,1
10125901,2022.05.10,2,5,2022,10,1
10126001,2022.05.10,2,5,2022,10,1
10126101,2022.05.10,2,5,2022,10,1
10126201,2022.05.10,2,5,2022,10,1
10126301,2022.05.10,2,5,2022,10,1
10126401,2022.05.10,2,5,2022,10,1
10126501,2022.05.10,2,5,2022,10,1
10126601,2022.05.10,2,5,2022,10,1
10126701,2022.05.10,2,5,2022,10,1
10126801,2022.05.10,2,5,2022,10,1
10126901,2022.05.10,2,5,2022,10,1
10127001,2022.05.10,2,5,2022,10,1
10127101,2022.05.10,2,5,2022,10,1
10127201,2022.05.10,2,5,2022,10,1
10127301,2022.05.10,2,5,2022,10,1
10127401,2022.05.10,2,5,2022,10,1
10127501,2022.05.10,2,5,2022,10,1
10127601,2022.05.10,2,5,2022,10,1
10127701,2022.05.10,2,5,2022,10,1
10127801,2022.05.10,2,5,2022,10,1
10127901,2022.05.10,2,5,2022,10,1
10128001,2022.05.10,2,5,2022,10,1
10128101,2022.05.10,2,5,2022,10,1
10128201,2022.05.10,2,5,2022,10,1
10128301,2022.05.10,2,5,2022,10,1
10128401,2022.05.10,2,5,2022,10,1
10128501,2022.05.10,2,5,2022,10,1
10128601,2022.05.10,2,5,2022,10,1
10128701,2022.05.10,2,5,2022,10,1
10128801,2022.05.10,2,5,2022,10,1
10128901,2022.05.10,2,5,2022,10,1
10129001,2022.05.10,2,5,2022,10,1
10129101,2022.05.10,2,5,2022,10,1
10129201,2022.05.10,2,5,2022,10,1
10129301,2022.05.10,2,5,2022,10,1
10129401,2022.05.10,2,5,2022,10,1
10129501,2022.05.10,2,5,2022,10,1
10129601,2022.05.10,2,5,2022,10,1
10129701,2022.05.10,2,5,2022,10,1
10129801,2022.05.10,2,5,2022,10,1
10129901,2022.05.10,2,5,2022,10,1
10130001,2022.05.10,2,5,2022,10,1
10130101,2022.05.10,2,5,2022,10,1
10130201,2022.05.10,2,5,2022,10,1
10130301,2022.05.10,2,5,2022,10,1
10130401,2022.05.10,2,5,2022,10,1
10130501,2022.05.10,2,5,2022,10,1
10130601,2022.05.10,2,5,2022,10,1
10130701,2022.05.10,2,5,2022,10,1
10130801,2022.05.10,2,5,2022,10,1
10130901,2022.05.10,2,5,2022,10,1
10131001,2022.05.10,2,5,2022,10,1
10131101,2022.05.10,2,5,2022,10,1
10131201,2022.05.10,2,5,2022,10,1
10131301,2022.05.10,2,5,2022,10,1
10131401,2022.05.10,2,5,2022,10,1
10131501,2022.05.10,2,5,2022,10,1
10131601,2022.05.10,2,5,2022,10,1
10131701,2022.05.10,2,5,2022,10,1
10131801,2022.05.10,2,5,2022,10,1
10131901,2022.05.10,2,5,2022,10,1
10132001,2022.05.10,2,5,2022,10,1
10132101,2022.05.10,2,5,2022,10,1
10132201,2022.05.10,2,5,2022,10,1
10132301,2022.05.10,2,5,2022,10,1
10132401,2022.05.10,2,5,2022,10,1
10132501,2022.05.10,2,5,2022,10,1
10132601,2022.05.10,2,5,2022,10,1
10132701,2022.05.10,2,5,2022,10,1
10132801,2022.05.10,2,5,2022,10,1
10132901,2022.05.10,2,5,2022,10,1
10133001,2022.05.10,2,5,2022,10,1
10133101,2022.05.10,2,5,2022,10,1
10133201,2022.05.10,2,5,2022,10,1
10133301,2022.05.10,2,5,2022,10,1
10133401,2022.05.10,2,5,2022,10,1
10133501,2022.05.10,2,5,2022,10,1
10133601,2022.05.10,2,5,2022,10,1
10133701,2022.05.10,2,5,2022,10,1
10133801,2022.05.10,2,5,2022,10,1
10133901,2022.05.10,2,5,2022,10,1
10134001,2022.05.10,2,5,2022,10,1
10134101,2022.05.10,2,5,2022,10,1
10134201,2022.05.10,2,5,2022,10,1
10134301,2022.05.10,2,5,2022,10,1
10134401,2022.05.10,2,5,2022,10,1
10134501,2022.05.10,2,5,2022,10,1
10134601,2022.05.10,2,5,2022,10,1
10134701,2022.05.10,2,5,2022,10,1
10134801,2022.05.10,2,5,2022,10,1
10134901,2022.05.10,2,5,2022,10,1
10135001,2022.05.10,2,5,2022,10,1
10135101,2022.05.10,2,5,2022,10,1
10135201,2022.05.10,2,5,2022,10,1
10135301,2022.05.10,2,5,2022,10,1
10135401,2022.05.10,2,5,2022,10,1
10135501,2022.05.10,2,5,2022,10,1
10135601,2022.05.10,2,5,2022,10,1
10135701,2022.05.10,2,5,2022,10,1
10135801,2022.05.11,3,5,2022,11,1
10135901,2022.05.10,2,5,2022,10,1
10136001,2022.05.10,2,5,2022,10,1
10136101,2022.05.10,2,5,2022,10,1
10136201,2022.05.10,2,5,2022,10,1
10136301,2022.05.10,2,5,2022,10,1
10136401,2022.05.10,2,5,2022,10,1
10136501,2022.05.10,2,5,2022,10,1
10136601,2022.05.10,2,5,2022,10,1
10136701,2022.05.10,2,5,2022,10,1
10136801,2022.05.10,2,5,2022,10,1
10136901,2022.05.10,2,5,2022,10,1
10137001,2022.05.10,2,5,2022,10,1
10137101,2022.05.10,2,5,2022,10,1
10137201,2022.05.10,2,5,2022,10,1
10137301,2022.05.10,2,5,2022,10,1
10137401,2022.05.10,2,5,2022,10,1
10137501,2022.05.10,2,5,2022,10,1
10137601,2022.05.10,2,5,2022,10,1
10137701,2022.05.10,2,5,2022,10,1
10137801,2022.05.10,2,5,2022,10,1
10137901,2022.05.10,2,5,2022,10,1
10138001,2022.05.10,2,5,2022,10,1
10138101,2022.05.10,2,5,2022,10,1
10138201,2022.05.10,2,5,2022,10,1
10138301,2022.05.10,2,5,2022,10,1
10138401,2022.05.10,2,5,2022,10,1
10138501,2022.05.11,3,5,2022,11,1
10138601,2022.05.10,2,5,2022,10,1
10138701,2022.05.10,2,5,2022,10,1
10138801,2022.05.10,2,5,2022,10,1
10138901,2022.05.11,3,5,2022,11,1
10139001,2022.05.10,2,5,2022,10,1
10139101,2022.05.10,2,5,2022,10,1
10139201,2022.05.10,2,5,2022,10,1
10139301,2022.05.10,2,5,2022,10,1
10139401,2022.05.10,2,5,2022,10,1
10139501,2022.05.10,2,5,2022,10,1
10139601,2022.05.10,2,5,2022,10,1
10139701,2022.05.10,2,5,2022,10,1
10139801,2022.05.10,2,5,2022,10,1
10139901,2022.05.10,2,5,2022,10,1
10140001,2022.05.10,2,5,2022,10,1
10140101,2022.05.10,2,5,2022,10,1
10140201,2022.05.10,2,5,2022,10,1
10140301,2022.05.10,2,5,2022,10,1
10140401,2022.05.10,2,5,2022,10,1
10140501,2022.05.10,2,5,2022,10,1
10140601,2022.05.10,2,5,2022,10,1
10140701,2022.05.10,2,5,2022,10,1
10140801,2022.05.10,2,5,2022,10,1
10140901,2022.05.10,2,5,2022,10,1
10141001,2022.05.10,2,5,2022,10,1
10141101,2022.05.10,2,5,2022,10,1
10141201,2022.05.10,2,5,2022,10,1
10141301,2022.05.10,2,5,2022,10,1
10141401,2022.05.10,2,5,2022,10,1
10141501,2022.05.10,2,5,2022,10,1
10141601,2022.05.11,3,5,2022,11,1
10141701,2022.05.10,2,5,2022,10,1
10141801,2022.05.10,2,5,2022,10,1
10141901,2022.05.10,2,5,2022,10,1
10142001,2022.05.11,3,5,2022,11,1
10142101,2022.05.10,2,5,2022,10,1
10142201,2022.05.10,2,5,2022,10,1
10142301,2022.05.10,2,5,2022,10,1
10142401,2022.05.10,2,5,2022,10,1
10142501,2022.05.10,2,5,2022,10,1
10142601,2022.05.10,2,5,2022,10,1
10142701,2022.05.10,2,5,2022,10,1
10142801,2022.05.11,3,5,2022,11,1
10142901,2022.05.11,3,5,2022,11,1
10143001,2022.05.11,3,5,2022,11,1
10143101,2022.05.11,3,5,2022,11,1
10143201,2022.05.11,3,5,2022,11,1
10143301,2022.05.11,3,5,2022,11,1
10143401,2022.05.11,3,5,2022,11,1
10143501,2022.05.11,3,5,2022,11,1
10143601,2022.05.11,3,5,2022,11,1
10143701,2022.05.11,3,5,2022,11,1
10143801,2022.05.11,3,5,2022,11,1
10143901,2022.05.11,3,5,2022,11,1
10144001,2022.05.11,3,5,2022,11,1
10144101,2022.05.11,3,5,2022,11,1
10144201,2022.05.11,3,5,2022,11,1
10144301,2022.05.11,3,5,2022,11,1
10144401,2022.05.11,3,5,2022,11,1
10144501,2022.05.11,3,5,2022,11,1
10144601,2022.05.11,3,5,2022,11,1
10144701,2022.05.11,3,5,2022,11,1
10144801,2022.05.11,3,5,2022,11,1
10144901,2022.05.11,3,5,2022,11,1
10145001,2022.05.11,3,5,2022,11,1
10145101,2022.05.11,3,5,2022,11,1
10145201,2022.05.11,3,5,2022,11,1
10145301,2022.05.11,3,5,2022,11,1
10145401,2022.05.11,3,5,2022,11,1
10145501,2022.05.11,3,5,2022,11,1
10145601,2022.05.11,3,5,2022,11,1
10145701,2022.05.11,3,5,2022,11,1
10145801,2022.05.11,3,5,2022,11,1
10145901,2022.05.11,3,5,2022,11,1
10146001,2022.05.11,3,5,2022,11,1
10146101,2022.05.11,3,5,2022,11,1
10146201,2022.05.11,3,5,2022,11,1
10146301,2022.05.11,3,5,2022,11,1
10146401,2022.05.11,3,5,2022,11,1
10146501,2022.05.11,3,5,2022,11,1
10146601,2022.05.11,3,5,2022,11,1
10146701,2022.05.11,3,5,2022,11,1
10146801,2022.05.11,3,5,2022,11,1
10146901,2022.05.11,3,5,2022,11,1
10147001,2022.05.11,3,5,2022,11,1
10147101,2022.05.11,3,5,2022,11,1
10147201,2022.05.11,3,5,2022,11,1
10147301,2022.05.11,3,5,2022,11,1
10147401,2022.05.11,3,5,2022,11,1
10147501,2022.05.11,3,5,2022,11,1
10147601,2022.05.11,3,5,2022,11,1
10147701,2022.05.11,3,5,2022,11,1
10147801,2022.05.11,3,5,2022,11,1
10147901,2022.05.11,3,5,2022,11,1
10148001,2022.05.11,3,5,2022,11,1
10148101,2022.05.11,3,5,2022,11,1
10148201,2022.05.11,3,5,2022,11,1
10148301,2022.05.11,3,5,2022,11,1
10148401,2022.05.11,3,5,2022,11,1
10148501,2022.05.11,3,5,2022,11,1
10148601,2022.05.11,3,5,2022,11,1
10148701,2022.05.11,3,5,2022,11,1
10148801,2022.05.11,3,5,2022,11,1
10148901,2022.05.12,4,5,2022,12,1
10149001,2022.05.12,4,5,2022,12,1
10149101,2022.05.12,4,5,2022,12,1
10149201,2022.05.12,4,5,2022,12,1
10149301,2022.05.12,4,5,2022,12,1
10149401,2022.05.12,4,5,2022,12,1
10149501,2022.05.12,4,5,2022,12,1
10149601,2022.05.12,4,5,2022,12,1
10149701,2022.05.12,4,5,2022,12,1
10149801,2022.05.12,4,5,2022,12,1
10149901,2022.05.12,4,5,2022,12,1
10150001,2022.05.12,4,5,2022,12,1
10000102,2022.06.01,3,6,2022,1,2
10000302,2022.06.01,3,6,2022,1,2
10000402,2022.06.01,3,6,2022,1,2
10000502,2022.06.01,3,6,2022,1,2
10000902,2022.06.02,4,6,2022,2,2
10001002,2022.06.01,3,6,2022,1,2
10001102,2022.06.01,3,6,2022,1,2
10001202,2022.06.01,3,6,2022,1,2
10001302,2022.06.01,3,6,2022,1,2
10001502,2022.06.01,3,6,2022,1,2
10001602,2022.06.02,4,6,2022,2,2
10001702,2022.06.01,3,6,2022,1,2
10001802,2022.06.01,3,6,2022,1,2
10001902,2022.06.01,3,6,2022,1,2
10002002,2022.06.01,3,6,2022,1,2
10002102,2022.06.01,3,6,2022,1,2
10002202,2022.06.01,3,6,2022,1,2
10002302,2022.06.02,4,6,2022,2,2
10002402,2022.06.01,3,6,2022,1,2
10002502,2022.06.01,3,6,2022,1,2
10002602,2022.06.01,3,6,2022,1,2
10002702,2022.06.01,3,6,2022,1,2
10002802,2022.06.01,3,6,2022,1,2
10002902,2022.06.01,3,6,2022,1,2
10003102,2022.06.01,3,6,2022,1,2
10003202,2022.06.01,3,6,2022,1,2
10003302,2022.06.01,3,6,2022,1,2
10003402,2022.06.01,3,6,2022,1,2
10003502,2022.06.01,3,6,2022,1,2
10003702,2022.06.01,3,6,2022,1,2
10003902,2022.06.01,3,6,2022,1,2
10004002,2022.06.01,3,6,2022,1,2
10004102,2022.06.01,3,6,2022,1,2
10004202,2022.06.01,3,6,2022,1,2
10004402,2022.06.01,3,6,2022,1,2
10004502,2022.06.01,3,6,2022,1,2
10004602,2022.06.01,3,6,2022,1,2
10004702,2022.06.01,3,6,2022,1,2
10004802,2022.06.01,3,6,2022,1,2
10005002,2022.06.01,3,6,2022,1,2
10005302,2022.06.01,3,6,2022,1,2
10005402,2022.06.01,3,6,2022,1,2
10005502,2022.06.01,3,6,2022,1,2
10005702,2022.06.01,3,6,2022,1,2
10005802,2022.06.01,3,6,2022,1,2
10005902,2022.06.02,4,6,2022,2,2
10006002,2022.06.01,3,6,2022,1,2
10006102,2022.06.01,3,6,2022,1,2
10006202,2022.06.01,3,6,2022,1,2
10006302,2022.06.01,3,6,2022,1,2
10006402,2022.06.01,3,6,2022,1,2
10006502,2022.06.01,3,6,2022,1,2
10006602,2022.06.01,3,6,2022,1,2
10006702,2022.06.01,3,6,2022,1,2
10006802,2022.06.01,3,6,2022,1,2
10006902,2022.06.01,3,6,2022,1,2
10007002,2022.06.01,3,6,2022,1,2
10007102,2022.06.01,3,6,2022,1,2
10007302,2022.06.01,3,6,2022,1,2
10007402,2022.06.01,3,6,2022,1,2
10007502,2022.06.01,3,6,2022,1,2
10007602,2022.06.01,3,6,2022,1,2
10007702,2022.06.01,3,6,2022,1,2
10008002,2022.06.01,3,6,2022,1,2
10008102,2022.06.01,3,6,2022,1,2
10008302,2022.06.05,0,6,2022,5,2
10008602,2022.06.01,3,6,2022,1,2
10008702,2022.06.02,4,6,2022,2,2
10008802,2022.06.01,3,6,2022,1,2
10008902,2022.06.01,3,6,2022,1,2
10009002,2022.06.02,4,6,2022,2,2
10009202,2022.06.02,4,6,2022,2,2
10009302,2022.06.01,3,6,2022,1,2
10009402,2022.06.02,4,6,2022,2,2
10009502,2022.06.01,3,6,2022,1,2
10009602,2022.06.02,4,6,2022,2,2
10009702,2022.06.01,3,6,2022,1,2
10009802,2022.06.02,4,6,2022,2,2
10010002,2022.06.02,4,6,2022,2,2
10010102,2022.06.02,4,6,2022,2,2
10010202,2022.06.01,3,6,2022,1,2
10010302,2022.06.01,3,6,2022,1,2
10010502,2022.06.01,3,6,2022,1,2
10010602,2022.06.02,4,6,2022,2,2
10010702,2022.06.02,4,6,2022,2,2
10010802,2022.06.01,3,6,2022,1,2
10010902,2022.06.01,3,6,2022,1,2
10011002,2022.06.02,4,6,2022,2,2
10011102,2022.06.02,4,6,2022,2,2
10011302,2022.06.02,4,6,2022,2,2
10011402,2022.06.02,4,6,2022,2,2
10011502,2022.06.01,3,6,2022,1,2
10011602,2022.06.02,4,6,2022,2,2
10011802,2022.06.01,3,6,2022,1,2
10011902,2022.06.02,4,6,2022,2,2
10012002,2022.06.02,4,6,2022,2,2
10012102,2022.06.05,0,6,2022,5,2
10012302,2022.06.02,4,6,2022,2,2
10012402,2022.06.02,4,6,2022,2,2
10012502,2022.06.02,4,6,2022,2,2
10012702,2022.06.02,4,6,2022,2,2
10012802,2022.06.05,0,6,2022,5,2
10012902,2022.06.02,4,6,2022,2,2
10013102,2022.06.02,4,6,2022,2,2
10013202,2022.06.02,4,6,2022,2,2
10013302,2022.06.02,4,6,2022,2,2
10013402,2022.06.02,4,6,2022,2,2
10013502,2022.06.02,4,6,2022,2,2
10013602,2022.06.02,4,6,2022,2,2
10013702,2022.06.02,4,6,2022,2,2
10013902,2022.06.02,4,6,2022,2,2
10014102,2022.06.02,4,6,2022,2,2
10014202,2022.06.02,4,6,2022,2,2
10014302,2022.06.02,4,6,2022,2,2
10014502,2022.06.02,4,6,2022,2,2
10014602,2022.06.02,4,6,2022,2,2
10014702,2022.06.02,4,6,2022,2,2
10014802,2022.06.02,4,6,2022,2,2
10014902,2022.06.02,4,6,2022,2,2
10015102,2022.06.02,4,6,2022,2,2
10015302,2022.06.02,4,6,2022,2,2
10015602,2022.06.02,4,6,2022,2,2
10015802,2022.06.02,4,6,2022,2,2
10015902,2022.06.03,5,6,2022,3,2
10016002,2022.06.02,4,6,2022,2,2
10016102,2022.06.02,4,6,2022,2,2
10016202,2022.06.03,5,6,2022,3,2
10016302,2022.06.02,4,6,2022,2,2
10016502,2022.06.02,4,6,2022,2,2
10016602,2022.06.02,4,6,2022,2,2
10016702,2022.06.02,4,6,2022,2,2
10016802,2022.06.02,4,6,2022,2,2
10016902,2022.06.02,4,6,2022,2,2
10017202,2022.06.02,4,6,2022,2,2
10017302,2022.06.02,4,6,2022,2,2
10017402,2022.06.02,4,6,2022,2,2
10017502,2022.06.02,4,6,2022,2,2
10017602,2022.06.03,5,6,2022,3,2
10017702,2022.06.02,4,6,2022,2,2
10017902,2022.06.02,4,6,2022,2,2
10018202,2022.06.05,0,6,2022,5,2
10018302,2022.06.02,4,6,2022,2,2
10018402,2022.06.03,5,6,2022,3,2
10018502,2022.06.02,4,6,2022,2,2
10018702,2022.06.02,4,6,2022,2,2
10019002,2022.06.02,4,6,2022,2,2
10019402,2022.06.02,4,6,2022,2,2
10019502,2022.06.02,4,6,2022,2,2
10019602,2022.06.02,4,6,2022,2,2
10019702,2022.06.02,4,6,2022,2,2
10019802,2022.06.02,4,6,2022,2,2
10019902,2022.06.10,5,6,2022,10,2
10020002,2022.06.02,4,6,2022,2,2
10020102,2022.06.02,4,6,2022,2,2
10020202,2022.06.03,5,6,2022,3,2
10020402,2022.06.02,4,6,2022,2,2
10020602,2022.06.05,0,6,2022,5,2
10020702,2022.06.02,4,6,2022,2,2
10020802,2022.06.02,4,6,2022,2,2
10020902,2022.06.02,4,6,2022,2,2
10021002,2022.06.02,4,6,2022,2,2
10021102,2022.06.02,4,6,2022,2,2
10021402,2022.06.02,4,6,2022,2,2
10021502,2022.06.02,4,6,2022,2,2
10021602,2022.06.06,1,6,2022,6,2
10021802,2022.06.02,4,6,2022,2,2
10021902,2022.06.02,4,6,2022,2,2
10022102,2022.06.02,4,6,2022,2,2
10022202,2022.06.07,2,6,2022,7,2
10022302,2022.06.02,4,6,2022,2,2
10022402,2022.06.02,4,6,2022,2,2
10022502,2022.06.02,4,6,2022,2,2
10022602,2022.06.02,4,6,2022,2,2
10022702,2022.06.03,5,6,2022,3,2
10022802,2022.06.02,4,6,2022,2,2
10022902,2022.06.02,4,6,2022,2,2
10023002,2022.06.02,4,6,2022,2,2
10023102,2022.06.02,4,6,2022,2,2
10023202,2022.06.02,4,6,2022,2,2
10023302,2022.06.02,4,6,2022,2,2
10023402,2022.06.04,6,6,2022,4,2
10023502,2022.06.02,4,6,2022,2,2
10023802,2022.06.02,4,6,2022,2,2
10024002,2022.06.02,4,6,2022,2,2
10024102,2022.06.02,4,6,2022,2,2
10024202,2022.06.02,4,6,2022,2,2
10024302,2022.06.02,4,6,2022,2,2
10024402,2022.06.03,5,6,2022,3,2
10024502,2022.06.06,1,6,2022,6,2
10024602,2022.06.02,4,6,2022,2,2
10024702,2022.06.02,4,6,2022,2,2
10025102,2022.06.02,4,6,2022,2,2
10025202,2022.06.02,4,6,2022,2,2
10025302,2022.06.02,4,6,2022,2,2
10025702,2022.06.02,4,6,2022,2,2
10025802,2022.06.02,4,6,2022,2,2
10025902,2022.06.02,4,6,2022,2,2
10026002,2022.06.02,4,6,2022,2,2
10026202,2022.06.02,4,6,2022,2,2
10026302,2022.06.05,0,6,2022,5,2
10026502,2022.06.02,4,6,2022,2,2
10026602,2022.06.03,5,6,2022,3,2
10026702,2022.06.02,4,6,2022,2,2
10026802,2022.06.02,4,6,2022,2,2
10026902,2022.06.03,5,6,2022,3,2
10027002,2022.06.02,4,6,2022,2,2
10027202,2022.06.02,4,6,2022,2,2
10027302,2022.06.02,4,6,2022,2,2
10027402,2022.06.02,4,6,2022,2,2
10027802,2022.06.06,1,6,2022,6,2
10027902,2022.06.06,1,6,2022,6,2
10028102,2022.06.06,1,6,2022,6,2
10028202,2022.06.06,1,6,2022,6,2
10028402,2022.06.06,1,6,2022,6,2
10028502,2022.06.06,1,6,2022,6,2
10028602,2022.06.06,1,6,2022,6,2
10028702,2022.06.06,1,6,2022,6,2
10028902,2022.06.06,1,6,2022,6,2
10029002,2022.06.07,2,6,2022,7,2
10029102,2022.06.06,1,6,2022,6,2
10029202,2022.06.06,1,6,2022,6,2
10029502,2022.06.08,3,6,2022,8,2
10029602,2022.06.06,1,6,2022,6,2
10029702,2022.06.06,1,6,2022,6,2
10029902,2022.06.06,1,6,2022,6,2
10030002,2022.06.08,3,6,2022,8,2
10030202,2022.06.07,2,6,2022,7,2
10030302,2022.06.07,2,6,2022,7,2
10030402,2022.06.06,1,6,2022,6,2
10030502,2022.06.06,1,6,2022,6,2
10030602,2022.06.06,1,6,2022,6,2
10030902,2022.06.07,2,6,2022,7,2
10031002,2022.06.07,2,6,2022,7,2
10031102,2022.06.06,1,6,2022,6,2
10031202,2022.06.06,1,6,2022,6,2
10031402,2022.06.08,3,6,2022,8,2
10031502,2022.06.06,1,6,2022,6,2
10031602,2022.06.06,1,6,2022,6,2
10031702,2022.06.06,1,6,2022,6,2
10031802,2022.06.06,1,6,2022,6,2
10032202,2022.06.06,1,6,2022,6,2
10032302,2022.06.06,1,6,2022,6,2
10032402,2022.06.06,1,6,2022,6,2
10032602,2022.06.06,1,6,2022,6,2
10032702,2022.06.06,1,6,2022,6,2
10032902,2022.06.06,1,6,2022,6,2
10033002,2022.06.06,1,6,2022,6,2
10033102,2022.06.06,1,6,2022,6,2
10033302,2022.06.06,1,6,2022,6,2
10033502,2022.06.06,1,6,2022,6,2
10033602,2022.06.06,1,6,2022,6,2
10033702,2022.06.07,2,6,2022,7,2
10033802,2022.06.06,1,6,2022,6,2
10033902,2022.06.06,1,6,2022,6,2
10034002,2022.06.06,1,6,2022,6,2
10034202,2022.06.06,1,6,2022,6,2
10034402,2022.06.06,1,6,2022,6,2
10034702,2022.06.06,1,6,2022,6,2
10034802,2022.06.06,1,6,2022,6,2
10034902,2022.06.06,1,6,2022,6,2
10035102,2022.06.06,1,6,2022,6,2
10035202,2022.06.02,4,6,2022,2,2
10035402,2022.06.06,1,6,2022,6,2
10035502,2022.06.07,2,6,2022,7,2
10035602,2022.06.08,3,6,2022,8,2
10035702,2022.06.07,2,6,2022,7,2
10035802,2022.06.07,2,6,2022,7,2
10036302,2022.06.07,2,6,2022,7,2
10036502,2022.06.06,1,6,2022,6,2
10036802,2022.06.06,1,6,2022,6,2
10037002,2022.06.06,1,6,2022,6,2
10037102,2022.06.07,2,6,2022,7,2
10037202,2022.06.07,2,6,2022,7,2
10037302,2022.06.06,1,6,2022,6,2
10037602,2022.06.06,1,6,2022,6,2
10037702,2022.06.06,1,6,2022,6,2
10037802,2022.06.06,1,6,2022,6,2
10037902,2022.06.06,1,6,2022,6,2
10038002,2022.06.06,1,6,2022,6,2
10038102,2022.06.06,1,6,2022,6,2
10038202,2022.06.07,2,6,2022,7,2
10038602,2022.06.06,1,6,2022,6,2
10038902,2022.06.06,1,6,2022,6,2
10039002,2022.06.06,1,6,2022,6,2
10039102,2022.06.02,4,6,2022,2,2
10039202,2022.06.06,1,6,2022,6,2
10039302,2022.06.02,4,6,2022,2,2
10039402,2022.06.06,1,6,2022,6,2
10039502,2022.06.07,2,6,2022,7,2
10039802,2022.06.06,1,6,2022,6,2
10040002,2022.06.06,1,6,2022,6,2
10040202,2022.06.06,1,6,2022,6,2
10040302,2022.06.06,1,6,2022,6,2
10040802,2022.06.06,1,6,2022,6,2
10040902,2022.06.06,1,6,2022,6,2
10041202,2022.06.06,1,6,2022,6,2
10041302,2022.06.06,1,6,2022,6,2
10041402,2022.06.06,1,6,2022,6,2
10041602,2022.06.07,2,6,2022,7,2
10041702,2022.06.06,1,6,2022,6,2
10041802,2022.06.06,1,6,2022,6,2
10041902,2022.06.06,1,6,2022,6,2
10042002,2022.06.08,3,6,2022,8,2
10042102,2022.06.06,1,6,2022,6,2
10042202,2022.06.06,1,6,2022,6,2
10042302,2022.06.06,1,6,2022,6,2
10042402,2022.06.06,1,6,2022,6,2
10042502,2022.06.02,4,6,2022,2,2
10042702,2022.06.06,1,6,2022,6,2
10042902,2022.06.06,1,6,2022,6,2
10043002,2022.06.07,2,6,2022,7,2
10043202,2022.06.06,1,6,2022,6,2
10043402,2022.06.06,1,6,2022,6,2
10043502,2022.06.06,1,6,2022,6,2
10043602,2022.06.06,1,6,2022,6,2
10043702,2022.06.06,1,6,2022,6,2
10043802,2022.06.06,1,6,2022,6,2
10044002,2022.06.06,1,6,2022,6,2
10044102,2022.06.07,2,6,2022,7,2
10044502,2022.06.06,1,6,2022,6,2
10044702,2022.06.06,1,6,2022,6,2
10044802,2022.06.06,1,6,2022,6,2
10044902,2022.06.06,1,6,2022,6,2
10045002,2022.06.06,1,6,2022,6,2
10045202,2022.06.06,1,6,2022,6,2
10045302,2022.06.06,1,6,2022,6,2
10045402,2022.06.08,3,6,2022,8,2
10045502,2022.06.06,1,6,2022,6,2
10045702,2022.06.06,1,6,2022,6,2
10045802,2022.06.06,1,6,2022,6,2
10045902,2022.06.02,4,6,2022,2,2
10046002,2022.06.06,1,6,2022,6,2
10046102,2022.06.06,1,6,2022,6,2
10046202,2022.06.06,1,6,2022,6,2
10046302,2022.06.06,1,6,2022,6,2
10046402,2022.06.06,1,6,2022,6,2
10046602,2022.06.02,4,6,2022,2,2
10046702,2022.06.06,1,6,2022,6,2
10046802,2022.06.06,1,6,2022,6,2
10046902,2022.06.07,2,6,2022,7,2
10047002,2022.06.06,1,6,2022,6,2
10047302,2022.06.06,1,6,2022,6,2
10047502,2022.06.06,1,6,2022,6,2
10047702,2022.06.06,1,6,2022,6,2
10047802,2022.06.06,1,6,2022,6,2
10047902,2022.06.06,1,6,2022,6,2
10048002,2022.06.06,1,6,2022,6,2
10048102,2022.06.06,1,6,2022,6,2
10048202,2022.06.06,1,6,2022,6,2
10048402,2022.06.06,1,6,2022,6,2
10048602,2022.06.07,2,6,2022,7,2
10048702,2022.06.07,2,6,2022,7,2
10048802,2022.06.07,2,6,2022,7,2
10049002,2022.06.04,6,6,2022,4,2
10049102,2022.06.07,2,6,2022,7,2
10049202,2022.06.06,1,6,2022,6,2
10049602,2022.06.06,1,6,2022,6,2
10050002,2022.06.06,1,6,2022,6,2
10050102,2022.06.07,2,6,2022,7,2
10050202,2022.06.07,2,6,2022,7,2
10050402,2022.06.06,1,6,2022,6,2
10050502,2022.06.03,5,6,2022,3,2
10050602,2022.06.06,1,6,2022,6,2
10050702,2022.06.07,2,6,2022,7,2
10051002,2022.06.06,1,6,2022,6,2
10051102,2022.06.07,2,6,2022,7,2
10051802,2022.06.06,1,6,2022,6,2
10051902,2022.06.07,2,6,2022,7,2
10052002,2022.06.06,1,6,2022,6,2
10052202,2022.06.06,1,6,2022,6,2
10052402,2022.06.06,1,6,2022,6,2
10052502,2022.06.06,1,6,2022,6,2
10052802,2022.06.06,1,6,2022,6,2
10052902,2022.06.06,1,6,2022,6,2
10053102,2022.06.06,1,6,2022,6,2
10053202,2022.06.06,1,6,2022,6,2
10053402,2022.06.06,1,6,2022,6,2
10053502,2022.06.06,1,6,2022,6,2
10053602,2022.06.06,1,6,2022,6,2
10053702,2022.06.06,1,6,2022,6,2
10054002,2022.06.06,1,6,2022,6,2
10054102,2022.06.06,1,6,2022,6,2
10054402,2022.06.06,1,6,2022,6,2
10054502,2022.06.06,1,6,2022,6,2
10054602,2022.06.06,1,6,2022,6,2
10054702,2022.06.06,1,6,2022,6,2
10054802,2022.06.06,1,6,2022,6,2
10054902,2022.06.06,1,6,2022,6,2
10055002,2022.06.06,1,6,2022,6,2
10055102,2022.06.06,1,6,2022,6,2
10055202,2022.06.06,1,6,2022,6,2
10055302,2022.06.07,2,6,2022,7,2
10055402,2022.06.06,1,6,2022,6,2
10055502,2022.06.06,1,6,2022,6,2
10055602,2022.06.06,1,6,2022,6,2
10055902,2022.06.06,1,6,2022,6,2
10056002,2022.06.06,1,6,2022,6,2
10056202,2022.06.06,1,6,2022,6,2
10056302,2022.06.06,1,6,2022,6,2
10056502,2022.06.06,1,6,2022,6,2
10056802,2022.06.07,2,6,2022,7,2
10057202,2022.06.06,1,6,2022,6,2
10057302,2022.06.07,2,6,2022,7,2
10057502,2022.06.06,1,6,2022,6,2
10057802,2022.06.07,2,6,2022,7,2
10058002,2022.06.06,1,6,2022,6,2
10058102,2022.06.06,1,6,2022,6,2
10058402,2022.06.06,1,6,2022,6,2
10058502,2022.06.06,1,6,2022,6,2
10058602,2022.06.06,1,6,2022,6,2
10058702,2022.06.07,2,6,2022,7,2
10058802,2022.06.06,1,6,2022,6,2
10059002,2022.06.06,1,6,2022,6,2
10059102,2022.06.06,1,6,2022,6,2
10059302,2022.06.06,1,6,2022,6,2
10059402,2022.06.06,1,6,2022,6,2
10059502,2022.06.06,1,6,2022,6,2
10059602,2022.06.07,2,6,2022,7,2
10059702,2022.06.06,1,6,2022,6,2
10059902,2022.06.06,1,6,2022,6,2
10060102,2022.06.06,1,6,2022,6,2
10060202,2022.06.06,1,6,2022,6,2
10060302,2022.06.06,1,6,2022,6,2
10060502,2022.06.06,1,6,2022,6,2
10060702,2022.06.06,1,6,2022,6,2
10061202,2022.06.07,2,6,2022,7,2
10061402,2022.06.06,1,6,2022,6,2
10061502,2022.06.06,1,6,2022,6,2
10061602,2022.06.07,2,6,2022,7,2
10061702,2022.06.06,1,6,2022,6,2
10061902,2022.06.07,2,6,2022,7,2
10062102,2022.06.06,1,6,2022,6,2
10062402,2022.06.06,1,6,2022,6,2
10062502,2022.06.07,2,6,2022,7,2
10062802,2022.06.01,3,6,2022,1,2
10062902,2022.06.01,3,6,2022,1,2
10063102,2022.06.02,4,6,2022,2,2
10063202,2022.06.07,2,6,2022,7,2
10063302,2022.06.02,4,6,2022,2,2
10063402,2022.06.02,4,6,2022,2,2
10063502,2022.06.06,1,6,2022,6,2
10063602,2022.06.06,1,6,2022,6,2
10063702,2022.06.06,1,6,2022,6,2
10063902,2022.06.06,1,6,2022,6,2
10064102,2022.06.02,4,6,2022,2,2
10064302,2022.06.07,2,6,2022,7,2
10064502,2022.06.08,3,6,2022,8,2
10064602,2022.06.01,3,6,2022,1,2
10064802,2022.06.06,1,6,2022,6,2
10065002,2022.06.03,5,6,2022,3,2
10065102,2022.06.02,4,6,2022,2,2
10065202,2022.06.06,1,6,2022,6,2
10065302,2022.06.06,1,6,2022,6,2
10065402,2022.06.06,1,6,2022,6,2
10065502,2022.06.06,1,6,2022,6,2
10065602,2022.06.07,2,6,2022,7,2
10065702,2022.06.06,1,6,2022,6,2
10065802,2022.06.02,4,6,2022,2,2
10065902,2022.06.06,1,6,2022,6,2
10066002,2022.06.06,1,6,2022,6,2
10066102,2022.06.08,3,6,2022,8,2
10066302,2022.06.02,4,6,2022,2,2
10066402,2022.06.07,2,6,2022,7,2
10066602,2022.06.06,1,6,2022,6,2
10066802,2022.06.02,4,6,2022,2,2
10066902,2022.06.07,2,6,2022,7,2
10067002,2022.06.05,0,6,2022,5,2
10067102,2022.06.06,1,6,2022,6,2
10067202,2022.06.06,1,6,2022,6,2
10067302,2022.06.06,1,6,2022,6,2
10067402,2022.06.07,2,6,2022,7,2
10067502,2022.06.06,1,6,2022,6,2
10068002,2022.06.01,3,6,2022,1,2
10068102,2022.06.04,6,6,2022,4,2
10068402,2022.06.06,1,6,2022,6,2
10068702,2022.06.02,4,6,2022,2,2
10068802,2022.06.06,1,6,2022,6,2
10069002,2022.06.06,1,6,2022,6,2
10069102,2022.06.02,4,6,2022,2,2
10069202,2022.06.02,4,6,2022,2,2
10069402,2022.06.06,1,6,2022,6,2
10069602,2022.06.03,5,6,2022,3,2
10069802,2022.06.04,6,6,2022,4,2
10070102,2022.06.07,2,6,2022,7,2
10070202,2022.06.06,1,6,2022,6,2
10070302,2022.06.06,1,6,2022,6,2
10070402,2022.06.06,1,6,2022,6,2
10070502,2022.06.06,1,6,2022,6,2
10070602,2022.06.03,5,6,2022,3,2
10070902,2022.06.06,1,6,2022,6,2
10071102,2022.06.07,2,6,2022,7,2
10071502,2022.06.06,1,6,2022,6,2
10071702,2022.06.03,5,6,2022,3,2
10071802,2022.06.03,5,6,2022,3,2
10071902,2022.06.06,1,6,2022,6,2
10072002,2022.06.03,5,6,2022,3,2
10072202,2022.06.06,1,6,2022,6,2
10072302,2022.06.05,0,6,2022,5,2
10072402,2022.06.02,4,6,2022,2,2
10072502,2022.06.02,4,6,2022,2,2
10072902,2022.06.02,4,6,2022,2,2
10073202,2022.06.02,4,6,2022,2,2
10073302,2022.06.02,4,6,2022,2,2
10073402,2022.06.02,4,6,2022,2,2
10073502,2022.06.02,4,6,2022,2,2
10073602,2022.06.02,4,6,2022,2,2
10073702,2022.06.02,4,6,2022,2,2
10073902,2022.06.02,4,6,2022,2,2
10074002,2022.06.02,4,6,2022,2,2
10074102,2022.06.02,4,6,2022,2,2
10074202,2022.06.01,3,6,2022,1,2
10074302,2022.06.01,3,6,2022,1,2
10074702,2022.06.06,1,6,2022,6,2
10074802,2022.06.02,4,6,2022,2,2
10074902,2022.06.02,4,6,2022,2,2
10075102,2022.06.06,1,6,2022,6,2
10075402,2022.06.07,2,6,2022,7,2
10075502,2022.06.06,1,6,2022,6,2
10075602,2022.06.02,4,6,2022,2,2
10075702,2022.06.06,1,6,2022,6,2
10075802,2022.06.06,1,6,2022,6,2
10075902,2022.06.02,4,6,2022,2,2
10076002,2022.06.06,1,6,2022,6,2
10076102,2022.06.06,1,6,2022,6,2
10076202,2022.06.06,1,6,2022,6,2
10076402,2022.06.06,1,6,2022,6,2
10076602,2022.06.07,2,6,2022,7,2
10076702,2022.06.06,1,6,2022,6,2
10076902,2022.06.06,1,6,2022,6,2
10077202,2022.06.06,1,6,2022,6,2
10077302,2022.06.02,4,6,2022,2,2
10077402,2022.06.06,1,6,2022,6,2
10077602,2022.06.02,4,6,2022,2,2
10077902,2022.06.06,1,6,2022,6,2
10078102,2022.06.06,1,6,2022,6,2
10078302,2022.06.07,2,6,2022,7,2
10078402,2022.06.07,2,6,2022,7,2
10078802,2022.06.06,1,6,2022,6,2
10079102,2022.06.02,4,6,2022,2,2
10079202,2022.06.06,1,6,2022,6,2
10079402,2022.06.07,2,6,2022,7,2
10079502,2022.06.06,1,6,2022,6,2
10079602,2022.06.07,2,6,2022,7,2
10079702,2022.06.02,4,6,2022,2,2
10079802,2022.06.06,1,6,2022,6,2
10080002,2022.06.06,1,6,2022,6,2
10080202,2022.06.03,5,6,2022,3,2
10080302,2022.06.06,1,6,2022,6,2
10080402,2022.06.06,1,6,2022,6,2
10080502,2022.06.06,1,6,2022,6,2
10080702,2022.06.06,1,6,2022,6,2
10080802,2022.06.07,2,6,2022,7,2
10080902,2022.06.06,1,6,2022,6,2
10081002,2022.06.02,4,6,2022,2,2
10081102,2022.06.06,1,6,2022,6,2
10081202,2022.06.06,1,6,2022,6,2
10081402,2022.06.06,1,6,2022,6,2
10081502,2022.06.06,1,6,2022,6,2
10081702,2022.06.02,4,6,2022,2,2
10082002,2022.06.04,6,6,2022,4,2
10082102,2022.06.06,1,6,2022,6,2
10082402,2022.06.06,1,6,2022,6,2
10082502,2022.06.05,0,6,2022,5,2
10082702,2022.06.06,1,6,2022,6,2
10083002,2022.06.06,1,6,2022,6,2
10083202,2022.06.06,1,6,2022,6,2
10083302,2022.06.06,1,6,2022,6,2
10083402,2022.06.06,1,6,2022,6,2
10083502,2022.06.05,0,6,2022,5,2
10083702,2022.06.06,1,6,2022,6,2
10083802,2022.06.06,1,6,2022,6,2
10083902,2022.06.02,4,6,2022,2,2
10084102,2022.06.06,1,6,2022,6,2
10084202,2022.06.07,2,6,2022,7,2
10084302,2022.06.02,4,6,2022,2,2
10084402,2022.06.06,1,6,2022,6,2
10084502,2022.06.06,1,6,2022,6,2
10084602,2022.06.02,4,6,2022,2,2
10084702,2022.06.06,1,6,2022,6,2
10084802,2022.06.06,1,6,2022,6,2
10085102,2022.06.06,1,6,2022,6,2
10085302,2022.06.06,1,6,2022,6,2
10085402,2022.06.06,1,6,2022,6,2
10085502,2022.06.06,1,6,2022,6,2
10085602,2022.06.06,1,6,2022,6,2
10085902,2022.06.07,2,6,2022,7,2
10086102,2022.06.06,1,6,2022,6,2
10086202,2022.06.06,1,6,2022,6,2
10086302,2022.06.06,1,6,2022,6,2
10086502,2022.06.06,1,6,2022,6,2
10086702,2022.06.02,4,6,2022,2,2
10086902,2022.06.06,1,6,2022,6,2
10087002,2022.06.06,1,6,2022,6,2
10087102,2022.06.02,4,6,2022,2,2
10087302,2022.06.06,1,6,2022,6,2
10087502,2022.06.06,1,6,2022,6,2
10087802,2022.06.06,1,6,2022,6,2
10087902,2022.06.06,1,6,2022,6,2
10088002,2022.06.06,1,6,2022,6,2
10088102,2022.06.07,2,6,2022,7,2
10088402,2022.06.06,1,6,2022,6,2
10088502,2022.06.06,1,6,2022,6,2
10088602,2022.06.06,1,6,2022,6,2
10088702,2022.06.06,1,6,2022,6,2
10088802,2022.06.07,2,6,2022,7,2
10088902,2022.06.06,1,6,2022,6,2
10089302,2022.06.06,1,6,2022,6,2
10089402,2022.06.06,1,6,2022,6,2
10089502,2022.06.06,1,6,2022,6,2
10089602,2022.06.06,1,6,2022,6,2
10089702,2022.06.02,4,6,2022,2,2
10089802,2022.06.03,5,6,2022,3,2
10089902,2022.06.02,4,6,2022,2,2
10090102,2022.06.06,1,6,2022,6,2
10090302,2022.06.06,1,6,2022,6,2
10090502,2022.06.02,4,6,2022,2,2
10090602,2022.06.07,2,6,2022,7,2
10090702,2022.06.06,1,6,2022,6,2
10090902,2022.06.06,1,6,2022,6,2
10091102,2022.06.06,1,6,2022,6,2
10091202,2022.06.06,1,6,2022,6,2
10091302,2022.06.07,2,6,2022,7,2
10091502,2022.06.08,3,6,2022,8,2
10091702,2022.06.02,4,6,2022,2,2
10091802,2022.06.02,4,6,2022,2,2
10091902,2022.06.03,5,6,2022,3,2
10092002,2022.06.06,1,6,2022,6,2
10092102,2022.06.02,4,6,2022,2,2
10092202,2022.06.07,2,6,2022,7,2
10092302,2022.06.06,1,6,2022,6,2
10092502,2022.06.07,2,6,2022,7,2
10092602,2022.06.06,1,6,2022,6,2
10092702,2022.06.06,1,6,2022,6,2
10092802,2022.06.02,4,6,2022,2,2
10092902,2022.06.07,2,6,2022,7,2
10093102,2022.06.06,1,6,2022,6,2
10093402,2022.06.07,2,6,2022,7,2
10093602,2022.06.06,1,6,2022,6,2
10093802,2022.06.02,4,6,2022,2,2
10093902,2022.06.01,3,6,2022,1,2
10094002,2022.06.02,4,6,2022,2,2
10094102,2022.06.06,1,6,2022,6,2
10094502,2022.06.06,1,6,2022,6,2
10094602,2022.06.06,1,6,2022,6,2
10094702,2022.06.07,2,6,2022,7,2
10094902,2022.06.07,2,6,2022,7,2
10095002,2022.06.06,1,6,2022,6,2
10095202,2022.06.06,1,6,2022,6,2
10095302,2022.06.07,2,6,2022,7,2
10095402,2022.06.06,1,6,2022,6,2
10095502,2022.06.02,4,6,2022,2,2
10095802,2022.06.02,4,6,2022,2,2
10096002,2022.06.06,1,6,2022,6,2
10096102,2022.06.06,1,6,2022,6,2
10096302,2022.06.02,4,6,2022,2,2
10096702,2022.06.06,1,6,2022,6,2
10096802,2022.06.07,2,6,2022,7,2
10097002,2022.06.06,1,6,2022,6,2
10097102,2022.06.06,1,6,2022,6,2
10097302,2022.06.06,1,6,2022,6,2
10097502,2022.06.06,1,6,2022,6,2
10097602,2022.06.06,1,6,2022,6,2
10097802,2022.06.06,1,6,2022,6,2
10097902,2022.06.02,4,6,2022,2,2
10098402,2022.06.06,1,6,2022,6,2
10098502,2022.06.02,4,6,2022,2,2
10098602,2022.06.06,1,6,2022,6,2
10098702,2022.06.06,1,6,2022,6,2
10098802,2022.06.05,0,6,2022,5,2
10098902,2022.06.06,1,6,2022,6,2
10099002,2022.06.06,1,6,2022,6,2
10099102,2022.06.06,1,6,2022,6,2
10099202,2022.06.06,1,6,2022,6,2
10099302,2022.06.02,4,6,2022,2,2
10099402,2022.06.02,4,6,2022,2,2
10099602,2022.06.02,4,6,2022,2,2
10099802,2022.06.02,4,6,2022,2,2
10099902,2022.06.02,4,6,2022,2,2
10100002,2022.06.02,4,6,2022,2,2
10100202,2022.06.02,4,6,2022,2,2
10100302,2022.06.02,4,6,2022,2,2
10100402,2022.06.02,4,6,2022,2,2
10100702,2022.06.02,4,6,2022,2,2
10100902,2022.06.01,3,6,2022,1,2
10101202,2022.06.02,4,6,2022,2,2
10101802,2022.06.01,3,6,2022,1,2
10101902,2022.06.02,4,6,2022,2,2
10102002,2022.06.02,4,6,2022,2,2
10102802,2022.06.01,3,6,2022,1,2
10103202,2022.06.01,3,6,2022,1,2
10104302,2022.06.01,3,6,2022,1,2
10104402,2022.06.02,4,6,2022,2,2
10104502,2022.06.05,0,6,2022,5,2
10104602,2022.06.02,4,6,2022,2,2
10104902,2022.06.05,0,6,2022,5,2
10105102,2022.06.01,3,6,2022,1,2
10105202,2022.06.01,3,6,2022,1,2
10105302,2022.06.06,1,6,2022,6,2
10105602,2022.06.05,0,6,2022,5,2
10105702,2022.06.02,4,6,2022,2,2
10105902,2022.06.01,3,6,2022,1,2
10106002,2022.06.01,3,6,2022,1,2
10106102,2022.06.02,4,6,2022,2,2
10106202,2022.06.05,0,6,2022,5,2
10106502,2022.06.02,4,6,2022,2,2
10106602,2022.06.02,4,6,2022,2,2
10106902,2022.06.02,4,6,2022,2,2
10107302,2022.06.02,4,6,2022,2,2
10107402,2022.06.02,4,6,2022,2,2
10107502,2022.06.02,4,6,2022,2,2
10107602,2022.06.02,4,6,2022,2,2
10107802,2022.06.02,4,6,2022,2,2
10108002,2022.06.02,4,6,2022,2,2
10108102,2022.06.02,4,6,2022,2,2
10108202,2022.06.02,4,6,2022,2,2
10108302,2022.06.08,3,6,2022,8,2
10108602,2022.06.02,4,6,2022,2,2
10108702,2022.06.02,4,6,2022,2,2
10108902,2022.06.05,0,6,2022,5,2
10109302,2022.06.02,4,6,2022,2,2
10109702,2022.06.02,4,6,2022,2,2
10109902,2022.06.02,4,6,2022,2,2
10110002,2022.06.02,4,6,2022,2,2
10110102,2022.06.02,4,6,2022,2,2
10110202,2022.06.01,3,6,2022,1,2
10110602,2022.06.01,3,6,2022,1,2
10110702,2022.06.02,4,6,2022,2,2
10110802,2022.06.02,4,6,2022,2,2
10111002,2022.06.02,4,6,2022,2,2
10111102,2022.06.02,4,6,2022,2,2
10111302,2022.06.02,4,6,2022,2,2
10111402,2022.06.06,1,6,2022,6,2
10111602,2022.06.06,1,6,2022,6,2
10111702,2022.06.07,2,6,2022,7,2
10111802,2022.06.02,4,6,2022,2,2
10112102,2022.06.06,1,6,2022,6,2
10112302,2022.06.02,4,6,2022,2,2
10112402,2022.06.03,5,6,2022,3,2
10112502,2022.06.05,0,6,2022,5,2
10112602,2022.06.05,0,6,2022,5,2
10112802,2022.06.06,1,6,2022,6,2
10112902,2022.06.06,1,6,2022,6,2
10113102,2022.06.06,1,6,2022,6,2
10113202,2022.06.07,2,6,2022,7,2
10113402,2022.06.06,1,6,2022,6,2
10113602,2022.06.06,1,6,2022,6,2
10113802,2022.06.06,1,6,2022,6,2
10114002,2022.06.06,1,6,2022,6,2
10114102,2022.06.06,1,6,2022,6,2
10114302,2022.06.02,4,6,2022,2,2
10114502,2022.06.07,2,6,2022,7,2
10115102,2022.06.06,1,6,2022,6,2
10115302,2022.06.06,1,6,2022,6,2
10115402,2022.06.06,1,6,2022,6,2
10115502,2022.06.06,1,6,2022,6,2
10115802,2022.06.06,1,6,2022,6,2
10116102,2022.06.06,1,6,2022,6,2
10116502,2022.06.06,1,6,2022,6,2
10116802,2022.06.07,2,6,2022,7,2
10116902,2022.06.06,1,6,2022,6,2
10117002,2022.06.06,1,6,2022,6,2
10117102,2022.06.06,1,6,2022,6,2
10117202,2022.06.06,1,6,2022,6,2
10117302,2022.06.07,2,6,2022,7,2
10117602,2022.06.06,1,6,2022,6,2
10117902,2022.06.06,1,6,2022,6,2
10118102,2022.06.06,1,6,2022,6,2
10118202,2022.06.06,1,6,2022,6,2
10118402,2022.06.06,1,6,2022,6,2
10118802,2022.06.06,1,6,2022,6,2
10118902,2022.06.07,2,6,2022,7,2
10119102,2022.06.06,1,6,2022,6,2
10119202,2022.06.06,1,6,2022,6,2
10119302,2022.06.06,1,6,2022,6,2
10119402,2022.06.03,5,6,2022,3,2
10119602,2022.06.06,1,6,2022,6,2
10119802,2022.06.06,1,6,2022,6,2
10119902,2022.06.06,1,6,2022,6,2
10120102,2022.06.06,1,6,2022,6,2
10120302,2022.06.06,1,6,2022,6,2
10120502,2022.06.06,1,6,2022,6,2
10120702,2022.06.07,2,6,2022,7,2
10120902,2022.06.06,1,6,2022,6,2
10121202,2022.06.06,1,6,2022,6,2
10121302,2022.06.06,1,6,2022,6,2
10122002,2022.06.06,1,6,2022,6,2
10122102,2022.06.07,2,6,2022,7,2
10122202,2022.06.06,1,6,2022,6,2
10122302,2022.06.06,1,6,2022,6,2
10122502,2022.06.02,4,6,2022,2,2
10122802,2022.06.06,1,6,2022,6,2
10123002,2022.06.06,1,6,2022,6,2
10123102,2022.06.06,1,6,2022,6,2
10123302,2022.06.06,1,6,2022,6,2
10123502,2022.06.02,4,6,2022,2,2
10123602,2022.06.07,2,6,2022,7,2
10123702,2022.06.07,2,6,2022,7,2
10124202,2022.06.06,1,6,2022,6,2
10124302,2022.06.06,1,6,2022,6,2
10124402,2022.06.06,1,6,2022,6,2
10124502,2022.06.06,1,6,2022,6,2
10124602,2022.06.06,1,6,2022,6,2
10124902,2022.06.06,1,6,2022,6,2
10125002,2022.06.06,1,6,2022,6,2
10125602,2022.06.06,1,6,2022,6,2
10125802,2022.06.06,1,6,2022,6,2
10126002,2022.06.06,1,6,2022,6,2
10126102,2022.06.06,1,6,2022,6,2
10126202,2022.06.06,1,6,2022,6,2
10126402,2022.06.06,1,6,2022,6,2
10126502,2022.06.07,2,6,2022,7,2
10126802,2022.06.06,1,6,2022,6,2
10126902,2022.06.06,1,6,2022,6,2
10127102,2022.06.06,1,6,2022,6,2
10127202,2022.06.06,1,6,2022,6,2
10127302,2022.06.06,1,6,2022,6,2
10127402,2022.06.06,1,6,2022,6,2
10127502,2022.06.07,2,6,2022,7,2
10127602,2022.06.06,1,6,2022,6,2
10127702,2022.06.06,1,6,2022,6,2
10128102,2022.06.02,4,6,2022,2,2
10128202,2022.06.06,1,6,2022,6,2
10128402,2022.06.06,1,6,2022,6,2
10128602,2022.06.06,1,6,2022,6,2
10128802,2022.06.07,2,6,2022,7,2
10129002,2022.06.06,1,6,2022,6,2
10129202,2022.06.06,1,6,2022,6,2
10129402,2022.06.07,2,6,2022,7,2
10129502,2022.06.07,2,6,2022,7,2
10129602,2022.06.03,5,6,2022,3,2
10129702,2022.06.06,1,6,2022,6,2
10130002,2022.06.06,1,6,2022,6,2
10130102,2022.06.06,1,6,2022,6,2
10130202,2022.06.06,1,6,2022,6,2
10130402,2022.06.06,1,6,2022,6,2
10130602,2022.06.06,1,6,2022,6,2
10130802,2022.06.07,2,6,2022,7,2
10130902,2022.06.06,1,6,2022,6,2
10131002,2022.06.06,1,6,2022,6,2
10131102,2022.06.06,1,6,2022,6,2
10131302,2022.06.06,1,6,2022,6,2
10131502,2022.06.06,1,6,2022,6,2
10131602,2022.06.06,1,6,2022,6,2
10131702,2022.06.07,2,6,2022,7,2
10131802,2022.06.06,1,6,2022,6,2
10131902,2022.06.06,1,6,2022,6,2
10132002,2022.06.06,1,6,2022,6,2
10132102,2022.06.06,1,6,2022,6,2
10132202,2022.06.08,3,6,2022,8,2
10132302,2022.06.02,4,6,2022,2,2
10132402,2022.06.02,4,6,2022,2,2
10132702,2022.06.02,4,6,2022,2,2
10132802,2022.06.06,1,6,2022,6,2
10133002,2022.06.06,1,6,2022,6,2
10133102,2022.06.06,1,6,2022,6,2
10133202,2022.06.06,1,6,2022,6,2
10133302,2022.06.07,2,6,2022,7,2
10133402,2022.06.06,1,6,2022,6,2
10133502,2022.06.06,1,6,2022,6,2
10133602,2022.06.08,3,6,2022,8,2
10133702,2022.06.02,4,6,2022,2,2
10133802,2022.06.06,1,6,2022,6,2
10134102,2022.06.06,1,6,2022,6,2
10134202,2022.06.09,4,6,2022,9,2
10134402,2022.06.07,2,6,2022,7,2
10134602,2022.06.06,1,6,2022,6,2
10134802,2022.06.06,1,6,2022,6,2
10135102,2022.06.06,1,6,2022,6,2
10135202,2022.06.06,1,6,2022,6,2
10135802,2022.06.06,1,6,2022,6,2
10135902,2022.06.06,1,6,2022,6,2
10136202,2022.06.06,1,6,2022,6,2
10136402,2022.06.06,1,6,2022,6,2
10136802,2022.06.06,1,6,2022,6,2
10136902,2022.06.06,1,6,2022,6,2
10137002,2022.06.06,1,6,2022,6,2
10137202,2022.06.06,1,6,2022,6,2
10137402,2022.06.06,1,6,2022,6,2
10137602,2022.06.06,1,6,2022,6,2
10137802,2022.06.06,1,6,2022,6,2
10138002,2022.06.07,2,6,2022,7,2
10138102,2022.06.06,1,6,2022,6,2
10138202,2022.06.07,2,6,2022,7,2
10138302,2022.06.06,1,6,2022,6,2
10138502,2022.06.06,1,6,2022,6,2
10138602,2022.06.06,1,6,2022,6,2
10138702,2022.06.06,1,6,2022,6,2
10138802,2022.06.06,1,6,2022,6,2
10138902,2022.06.06,1,6,2022,6,2
10139102,2022.06.06,1,6,2022,6,2
10139202,2022.06.06,1,6,2022,6,2
10139302,2022.06.06,1,6,2022,6,2
10139502,2022.06.06,1,6,2022,6,2
10139602,2022.06.06,1,6,2022,6,2
10139702,2022.06.06,1,6,2022,6,2
10139802,2022.06.06,1,6,2022,6,2
10139902,2022.06.06,1,6,2022,6,2
10140002,2022.06.07,2,6,2022,7,2
10140302,2022.06.06,1,6,2022,6,2
10140402,2022.06.06,1,6,2022,6,2
10140602,2022.06.06,1,6,2022,6,2
10140702,2022.06.02,4,6,2022,2,2
10141002,2022.06.02,4,6,2022,2,2
10141202,2022.06.06,1,6,2022,6,2
10141502,2022.06.06,1,6,2022,6,2
10141602,2022.06.06,1,6,2022,6,2
10141702,2022.06.06,1,6,2022,6,2
10142002,2022.06.06,1,6,2022,6,2
10142202,2022.06.06,1,6,2022,6,2
10142402,2022.06.06,1,6,2022,6,2
10142502,2022.06.07,2,6,2022,7,2
10142702,2022.06.07,2,6,2022,7,2
10142802,2022.06.02,4,6,2022,2,2
10143302,2022.06.07,2,6,2022,7,2
10143402,2022.06.06,1,6,2022,6,2
10143702,2022.06.07,2,6,2022,7,2
10143802,2022.06.06,1,6,2022,6,2
10143902,2022.06.06,1,6,2022,6,2
10144102,2022.06.06,1,6,2022,6,2
10144302,2022.06.07,2,6,2022,7,2
10144602,2022.06.07,2,6,2022,7,2
10144702,2022.06.06,1,6,2022,6,2
10144802,2022.06.07,2,6,2022,7,2
10145002,2022.06.06,1,6,2022,6,2
10145202,2022.06.07,2,6,2022,7,2
10145402,2022.06.06,1,6,2022,6,2
10145502,2022.06.08,3,6,2022,8,2
10145702,2022.06.06,1,6,2022,6,2
10146102,2022.06.07,2,6,2022,7,2
10146202,2022.06.06,1,6,2022,6,2
10146302,2022.06.06,1,6,2022,6,2
10146402,2022.06.06,1,6,2022,6,2
10146502,2022.06.02,4,6,2022,2,2
10146702,2022.06.06,1,6,2022,6,2
10146802,2022.06.07,2,6,2022,7,2
10146902,2022.06.07,2,6,2022,7,2
10147002,2022.06.07,2,6,2022,7,2
10147202,2022.06.07,2,6,2022,7,2
10147602,2022.06.06,1,6,2022,6,2
10147802,2022.06.07,2,6,2022,7,2
10148102,2022.06.07,2,6,2022,7,2
10148302,2022.06.07,2,6,2022,7,2
10148402,2022.06.07,2,6,2022,7,2
10148702,2022.06.06,1,6,2022,6,2
10148802,2022.06.07,2,6,2022,7,2
10149402,2022.06.06,1,6,2022,6,2
10149502,2022.06.06,1,6,2022,6,2
10149702,2022.06.06,1,6,2022,6,2
10149902,2022.06.06,1,6,2022,6,2
10150002,2022.06.06,1,6,2022,6,2
10331902,2022.06.07,2,6,2022,7,2
10332002,2022.06.07,2,6,2022,7,2
10332102,2022.06.07,2,6,2022,7,2
10332202,2022.06.07,2,6,2022,7,2
10332302,2022.06.07,2,6,2022,7,2
10332402,2022.06.07,2,6,2022,7,2
10332502,2022.06.07,2,6,2022,7,2
10332602,2022.06.07,2,6,2022,7,2
10332702,2022.06.07,2,6,2022,7,2
10332802,2022.06.07,2,6,2022,7,2
10332902,2022.06.07,2,6,2022,7,2
10333002,2022.06.07,2,6,2022,7,2
10333102,2022.06.07,2,6,2022,7,2
10333202,2022.06.07,2,6,2022,7,2
10333302,2022.06.07,2,6,2022,7,2
10333402,2022.06.07,2,6,2022,7,2
10333502,2022.06.07,2,6,2022,7,2
10333602,2022.06.07,2,6,2022,7,2
10333702,2022.06.07,2,6,2022,7,2
10333802,2022.06.07,2,6,2022,7,2
10333902,2022.06.07,2,6,2022,7,2
10334002,2022.06.07,2,6,2022,7,2
10334102,2022.06.07,2,6,2022,7,2
10334202,2022.06.07,2,6,2022,7,2
10334302,2022.06.07,2,6,2022,7,2
10334402,2022.06.07,2,6,2022,7,2
10334502,2022.06.07,2,6,2022,7,2
10334602,2022.06.07,2,6,2022,7,2
10334702,2022.06.07,2,6,2022,7,2
10334802,2022.06.07,2,6,2022,7,2
10334902,2022.06.07,2,6,2022,7,2
10335002,2022.06.07,2,6,2022,7,2
10335102,2022.06.07,2,6,2022,7,2
10335202,2022.06.07,2,6,2022,7,2
10335302,2022.06.07,2,6,2022,7,2
10335402,2022.06.07,2,6,2022,7,2
10335502,2022.06.07,2,6,2022,7,2
10335602,2022.06.07,2,6,2022,7,2
10335702,2022.06.07,2,6,2022,7,2
10335802,2022.06.07,2,6,2022,7,2
10335902,2022.06.07,2,6,2022,7,2
10336002,2022.06.07,2,6,2022,7,2
10336102,2022.06.07,2,6,2022,7,2
10336202,2022.06.07,2,6,2022,7,2
10336302,2022.06.07,2,6,2022,7,2
10336402,2022.06.07,2,6,2022,7,2
10336502,2022.06.07,2,6,2022,7,2
10336602,2022.06.07,2,6,2022,7,2
10336702,2022.06.07,2,6,2022,7,2
10336802,2022.06.07,2,6,2022,7,2
10336902,2022.06.07,2,6,2022,7,2
10337002,2022.06.07,2,6,2022,7,2
10337102,2022.06.07,2,6,2022,7,2
10337202,2022.06.07,2,6,2022,7,2
10337302,2022.06.07,2,6,2022,7,2
10337402,2022.06.07,2,6,2022,7,2
10337502,2022.06.07,2,6,2022,7,2
10337602,2022.06.07,2,6,2022,7,2
10337702,2022.06.07,2,6,2022,7,2
10337802,2022.06.07,2,6,2022,7,2
10337902,2022.06.07,2,6,2022,7,2
10338002,2022.06.07,2,6,2022,7,2
10338102,2022.06.07,2,6,2022,7,2
10338202,2022.06.07,2,6,2022,7,2
10338302,2022.06.07,2,6,2022,7,2
10338402,2022.06.07,2,6,2022,7,2
10338502,2022.06.07,2,6,2022,7,2
10338602,2022.06.07,2,6,2022,7,2
10338702,2022.06.07,2,6,2022,7,2
10338802,2022.06.07,2,6,2022,7,2
10338902,2022.06.07,2,6,2022,7,2
10339002,2022.06.07,2,6,2022,7,2
10339102,2022.06.07,2,6,2022,7,2
10339202,2022.06.07,2,6,2022,7,2
10339302,2022.06.07,2,6,2022,7,2
10339402,2022.06.07,2,6,2022,7,2
10339502,2022.06.07,2,6,2022,7,2
10339602,2022.06.07,2,6,2022,7,2
10339702,2022.06.07,2,6,2022,7,2
10339802,2022.06.07,2,6,2022,7,2
10339902,2022.06.07,2,6,2022,7,2
10340002,2022.06.07,2,6,2022,7,2
10340102,2022.06.07,2,6,2022,7,2
10340202,2022.06.07,2,6,2022,7,2
10340302,2022.06.07,2,6,2022,7,2
10340402,2022.06.07,2,6,2022,7,2
10340502,2022.06.07,2,6,2022,7,2
10340602,2022.06.07,2,6,2022,7,2
10340702,2022.06.07,2,6,2022,7,2
10340802,2022.06.07,2,6,2022,7,2
10340902,2022.06.07,2,6,2022,7,2
10341002,2022.06.07,2,6,2022,7,2
10341102,2022.06.07,2,6,2022,7,2
10341202,2022.06.07,2,6,2022,7,2
10341302,2022.06.07,2,6,2022,7,2
10341402,2022.06.07,2,6,2022,7,2
10341502,2022.06.07,2,6,2022,7,2
10341602,2022.06.07,2,6,2022,7,2
10341702,2022.06.07,2,6,2022,7,2
10341802,2022.06.07,2,6,2022,7,2
10341902,2022.06.07,2,6,2022,7,2
10342002,2022.06.07,2,6,2022,7,2
10342102,2022.06.07,2,6,2022,7,2
10342202,2022.06.07,2,6,2022,7,2
10342302,2022.06.07,2,6,2022,7,2
10342402,2022.06.07,2,6,2022,7,2
10342502,2022.06.07,2,6,2022,7,2
10342602,2022.06.07,2,6,2022,7,2
10342702,2022.06.07,2,6,2022,7,2
10342802,2022.06.07,2,6,2022,7,2
10342902,2022.06.07,2,6,2022,7,2
10343002,2022.06.07,2,6,2022,7,2
10343102,2022.06.07,2,6,2022,7,2
10343202,2022.06.07,2,6,2022,7,2
10343302,2022.06.07,2,6,2022,7,2
10343402,2022.06.07,2,6,2022,7,2
10343502,2022.06.07,2,6,2022,7,2
10343602,2022.06.07,2,6,2022,7,2
10343702,2022.06.07,2,6,2022,7,2
10343802,2022.06.07,2,6,2022,7,2
10343902,2022.06.07,2,6,2022,7,2
10344002,2022.06.07,2,6,2022,7,2
10344102,2022.06.07,2,6,2022,7,2
10344202,2022.06.07,2,6,2022,7,2
10344302,2022.06.07,2,6,2022,7,2
10344402,2022.06.07,2,6,2022,7,2
10344502,2022.06.07,2,6,2022,7,2
10344602,2022.06.07,2,6,2022,7,2
10344702,2022.06.07,2,6,2022,7,2
10344802,2022.06.07,2,6,2022,7,2
10344902,2022.06.07,2,6,2022,7,2
10345002,2022.06.07,2,6,2022,7,2
10345102,2022.06.07,2,6,2022,7,2
10345202,2022.06.07,2,6,2022,7,2
10345302,2022.06.07,2,6,2022,7,2
10345402,2022.06.07,2,6,2022,7,2
10345502,2022.06.07,2,6,2022,7,2
10345602,2022.06.07,2,6,2022,7,2
10345702,2022.06.07,2,6,2022,7,2
10345802,2022.06.07,2,6,2022,7,2
10345902,2022.06.07,2,6,2022,7,2
10346002,2022.06.07,2,6,2022,7,2
10346102,2022.06.07,2,6,2022,7,2
10346202,2022.06.07,2,6,2022,7,2
10346302,2022.06.07,2,6,2022,7,2
10346402,2022.06.07,2,6,2022,7,2
10346502,2022.06.07,2,6,2022,7,2
10346602,2022.06.07,2,6,2022,7,2
10346702,2022.06.07,2,6,2022,7,2
10346802,2022.06.07,2,6,2022,7,2
10346902,2022.06.07,2,6,2022,7,2
10347002,2022.06.07,2,6,2022,7,2
10347102,2022.06.07,2,6,2022,7,2
10347202,2022.06.07,2,6,2022,7,2
10347302,2022.06.07,2,6,2022,7,2
10347402,2022.06.07,2,6,2022,7,2
10347502,2022.06.07,2,6,2022,7,2
10347602,2022.06.07,2,6,2022,7,2
10347702,2022.06.07,2,6,2022,7,2
10347802,2022.06.07,2,6,2022,7,2
10347902,2022.06.07,2,6,2022,7,2
10348002,2022.06.07,2,6,2022,7,2
10348102,2022.06.07,2,6,2022,7,2
10348202,2022.06.07,2,6,2022,7,2
10348302,2022.06.07,2,6,2022,7,2
10348402,2022.06.07,2,6,2022,7,2
10348502,2022.06.07,2,6,2022,7,2
10348602,2022.06.07,2,6,2022,7,2
10348702,2022.06.07,2,6,2022,7,2
10348802,2022.06.07,2,6,2022,7,2
10348902,2022.06.07,2,6,2022,7,2
10349002,2022.06.07,2,6,2022,7,2
10349102,2022.06.07,2,6,2022,7,2
10349202,2022.06.07,2,6,2022,7,2
10349302,2022.06.07,2,6,2022,7,2
10349402,2022.06.07,2,6,2022,7,2
10349502,2022.06.07,2,6,2022,7,2
10349602,2022.06.07,2,6,2022,7,2
10349702,2022.06.07,2,6,2022,7,2
10349802,2022.06.07,2,6,2022,7,2
10349902,2022.06.07,2,6,2022,7,2
10350002,2022.06.07,2,6,2022,7,2
10350102,2022.06.07,2,6,2022,7,2
10350202,2022.06.07,2,6,2022,7,2
10350302,2022.06.07,2,6,2022,7,2
10350402,2022.06.07,2,6,2022,7,2
10350502,2022.06.07,2,6,2022,7,2
10350602,2022.06.07,2,6,2022,7,2
10350702,2022.06.07,2,6,2022,7,2
10350802,2022.06.08,3,6,2022,8,2
10350902,2022.06.07,2,6,2022,7,2
10351002,2022.06.07,2,6,2022,7,2
10351102,2022.06.07,2,6,2022,7,2
10351202,2022.06.07,2,6,2022,7,2
10351302,2022.06.07,2,6,2022,7,2
10351402,2022.06.07,2,6,2022,7,2
10351502,2022.06.07,2,6,2022,7,2
10351602,2022.06.07,2,6,2022,7,2
10351702,2022.06.07,2,6,2022,7,2
10351802,2022.06.07,2,6,2022,7,2
10351902,2022.06.07,2,6,2022,7,2
10352002,2022.06.07,2,6,2022,7,2
10352102,2022.06.07,2,6,2022,7,2
10352202,2022.06.07,2,6,2022,7,2
10352302,2022.06.07,2,6,2022,7,2
10352402,2022.06.07,2,6,2022,7,2
10352502,2022.06.07,2,6,2022,7,2
10352602,2022.06.07,2,6,2022,7,2
10352702,2022.06.07,2,6,2022,7,2
10352802,2022.06.07,2,6,2022,7,2
10352902,2022.06.07,2,6,2022,7,2
10353002,2022.06.07,2,6,2022,7,2
10353102,2022.06.07,2,6,2022,7,2
10353202,2022.06.07,2,6,2022,7,2
10353302,2022.06.07,2,6,2022,7,2
10353402,2022.06.07,2,6,2022,7,2
10353502,2022.06.07,2,6,2022,7,2
10353602,2022.06.07,2,6,2022,7,2
10353702,2022.06.07,2,6,2022,7,2
10353802,2022.06.07,2,6,2022,7,2
10353902,2022.06.07,2,6,2022,7,2
10354002,2022.06.07,2,6,2022,7,2
10354102,2022.06.07,2,6,2022,7,2
10354202,2022.06.07,2,6,2022,7,2
10354302,2022.06.07,2,6,2022,7,2
10354402,2022.06.07,2,6,2022,7,2
10354502,2022.06.07,2,6,2022,7,2
10354602,2022.06.07,2,6,2022,7,2
10354702,2022.06.07,2,6,2022,7,2
10354802,2022.06.07,2,6,2022,7,2
10354902,2022.06.07,2,6,2022,7,2
10355002,2022.06.07,2,6,2022,7,2
10355102,2022.06.07,2,6,2022,7,2
10355202,2022.06.07,2,6,2022,7,2
10355302,2022.06.07,2,6,2022,7,2
10355402,2022.06.07,2,6,2022,7,2
10355502,2022.06.07,2,6,2022,7,2
10355602,2022.06.07,2,6,2022,7,2
10355702,2022.06.07,2,6,2022,7,2
10355802,2022.06.07,2,6,2022,7,2
10355902,2022.06.07,2,6,2022,7,2
10356002,2022.06.07,2,6,2022,7,2
10356102,2022.06.07,2,6,2022,7,2
10356202,2022.06.07,2,6,2022,7,2
10356302,2022.06.07,2,6,2022,7,2
10356402,2022.06.07,2,6,2022,7,2
10356502,2022.06.07,2,6,2022,7,2
10356602,2022.06.07,2,6,2022,7,2
10356702,2022.06.07,2,6,2022,7,2
10356802,2022.06.07,2,6,2022,7,2
10356902,2022.06.07,2,6,2022,7,2
10357002,2022.06.07,2,6,2022,7,2
10357102,2022.06.07,2,6,2022,7,2
10357202,2022.06.07,2,6,2022,7,2
10357302,2022.06.07,2,6,2022,7,2
10357402,2022.06.07,2,6,2022,7,2
10357502,2022.06.07,2,6,2022,7,2
10357602,2022.06.07,2,6,2022,7,2
10357702,2022.06.07,2,6,2022,7,2
10357802,2022.06.07,2,6,2022,7,2
10357902,2022.06.07,2,6,2022,7,2
10358002,2022.06.07,2,6,2022,7,2
10358102,2022.06.07,2,6,2022,7,2
10358202,2022.06.07,2,6,2022,7,2
10358302,2022.06.07,2,6,2022,7,2
10358402,2022.06.07,2,6,2022,7,2
10358502,2022.06.07,2,6,2022,7,2
10358602,2022.06.07,2,6,2022,7,2
10358702,2022.06.07,2,6,2022,7,2
10358802,2022.06.07,2,6,2022,7,2
10358902,2022.06.07,2,6,2022,7,2
10359002,2022.06.07,2,6,2022,7,2
10359102,2022.06.07,2,6,2022,7,2
10359202,2022.06.07,2,6,2022,7,2
10359302,2022.06.08,3,6,2022,8,2
10359402,2022.06.08,3,6,2022,8,2
10359502,2022.06.08,3,6,2022,8,2
10359602,2022.06.08,3,6,2022,8,2
10359702,2022.06.08,3,6,2022,8,2
10359802,2022.06.08,3,6,2022,8,2
10359902,2022.06.08,3,6,2022,8,2
10360002,2022.06.08,3,6,2022,8,2
10360102,2022.06.08,3,6,2022,8,2
10360202,2022.06.08,3,6,2022,8,2
10360302,2022.06.08,3,6,2022,8,2
10360402,2022.06.08,3,6,2022,8,2
10360502,2022.06.08,3,6,2022,8,2
10360602,2022.06.08,3,6,2022,8,2
10360702,2022.06.08,3,6,2022,8,2
10360802,2022.06.08,3,6,2022,8,2
10360902,2022.06.08,3,6,2022,8,2
10361002,2022.06.08,3,6,2022,8,2
10361102,2022.06.08,3,6,2022,8,2
10361202,2022.06.08,3,6,2022,8,2
10361302,2022.06.08,3,6,2022,8,2
10361402,2022.06.08,3,6,2022,8,2
10361502,2022.06.08,3,6,2022,8,2
10361602,2022.06.08,3,6,2022,8,2
10361702,2022.06.08,3,6,2022,8,2
10361802,2022.06.08,3,6,2022,8,2
10361902,2022.06.08,3,6,2022,8,2
10362002,2022.06.08,3,6,2022,8,2
10362102,2022.06.08,3,6,2022,8,2
10362202,2022.06.08,3,6,2022,8,2
10362302,2022.06.08,3,6,2022,8,2
10362402,2022.06.08,3,6,2022,8,2
10362502,2022.06.08,3,6,2022,8,2
10362602,2022.06.08,3,6,2022,8,2
10362702,2022.06.08,3,6,2022,8,2
10362802,2022.06.08,3,6,2022,8,2
10362902,2022.06.08,3,6,2022,8,2
10363002,2022.06.08,3,6,2022,8,2
10363102,2022.06.08,3,6,2022,8,2
10363202,2022.06.08,3,6,2022,8,2
10363302,2022.06.08,3,6,2022,8,2
10363402,2022.06.08,3,6,2022,8,2
10363502,2022.06.08,3,6,2022,8,2
10363602,2022.06.08,3,6,2022,8,2
10363702,2022.06.08,3,6,2022,8,2
10363802,2022.06.08,3,6,2022,8,2
10363902,2022.06.08,3,6,2022,8,2
10364002,2022.06.08,3,6,2022,8,2
10364102,2022.06.08,3,6,2022,8,2
10364202,2022.06.08,3,6,2022,8,2
10364302,2022.06.08,3,6,2022,8,2
10364402,2022.06.08,3,6,2022,8,2
10364502,2022.06.08,3,6,2022,8,2
10364602,2022.06.08,3,6,2022,8,2
10364702,2022.06.08,3,6,2022,8,2
10364802,2022.06.08,3,6,2022,8,2
10364902,2022.06.08,3,6,2022,8,2
10365002,2022.06.08,3,6,2022,8,2
10365102,2022.06.08,3,6,2022,8,2
10365202,2022.06.08,3,6,2022,8,2
10365302,2022.06.08,3,6,2022,8,2
10365402,2022.06.08,3,6,2022,8,2
10365502,2022.06.08,3,6,2022,8,2
10365602,2022.06.08,3,6,2022,8,2
10365702,2022.06.08,3,6,2022,8,2
10365802,2022.06.08,3,6,2022,8,2
10365902,2022.06.08,3,6,2022,8,2
10366002,2022.06.08,3,6,2022,8,2
10366102,2022.06.09,4,6,2022,9,2
10366202,2022.06.09,4,6,2022,9,2
10366302,2022.06.09,4,6,2022,9,2
10366402,2022.06.09,4,6,2022,9,2
10366502,2022.06.09,4,6,2022,9,2
10366602,2022.06.09,4,6,2022,9,2
10366702,2022.06.09,4,6,2022,9,2
10366802,2022.06.09,4,6,2022,9,2
10366902,2022.06.09,4,6,2022,9,2
10367002,2022.06.09,4,6,2022,9,2
10367102,2022.06.09,4,6,2022,9,2
10367202,2022.06.09,4,6,2022,9,2
10367302,2022.06.09,4,6,2022,9,2
10367402,2022.06.09,4,6,2022,9,2
10367502,2022.06.09,4,6,2022,9,2
10367602,2022.06.09,4,6,2022,9,2
10367702,2022.06.09,4,6,2022,9,2
10367802,2022.06.09,4,6,2022,9,2
10367902,2022.06.09,4,6,2022,9,2
10368002,2022.06.09,4,6,2022,9,2
10368102,2022.06.09,4,6,2022,9,2
10368202,2022.06.09,4,6,2022,9,2
10368302,2022.06.09,4,6,2022,9,2
10368402,2022.06.09,4,6,2022,9,2
10368502,2022.06.09,4,6,2022,9,2
10368602,2022.06.09,4,6,2022,9,2
10368702,2022.06.09,4,6,2022,9,2
10368802,2022.06.09,4,6,2022,9,2
10368902,2022.06.09,4,6,2022,9,2
10369002,2022.06.09,4,6,2022,9,2
10369102,2022.06.09,4,6,2022,9,2
10369202,2022.06.09,4,6,2022,9,2
10369302,2022.06.09,4,6,2022,9,2
10369402,2022.06.09,4,6,2022,9,2
10369502,2022.06.09,4,6,2022,9,2
10369602,2022.06.09,4,6,2022,9,2
10369702,2022.06.09,4,6,2022,9,2
10369802,2022.06.09,4,6,2022,9,2
10369902,2022.06.09,4,6,2022,9,2
10370002,2022.06.09,4,6,2022,9,2
10370102,2022.06.09,4,6,2022,9,2
10370202,2022.06.09,4,6,2022,9,2
10370302,2022.06.09,4,6,2022,9,2
10370402,2022.06.09,4,6,2022,9,2
10370502,2022.06.09,4,6,2022,9,2
10370602,2022.06.09,4,6,2022,9,2
10370702,2022.06.09,4,6,2022,9,2
10370802,2022.06.09,4,6,2022,9,2
10370902,2022.06.09,4,6,2022,9,2
10371002,2022.06.09,4,6,2022,9,2
10371102,2022.06.09,4,6,2022,9,2
10371202,2022.06.09,4,6,2022,9,2
10371302,2022.06.09,4,6,2022,9,2
10371402,2022.06.09,4,6,2022,9,2
10371502,2022.06.09,4,6,2022,9,2
10371602,2022.06.09,4,6,2022,9,2
10371702,2022.06.09,4,6,2022,9,2
10371802,2022.06.12,0,6,2022,12,2
10371902,2022.06.12,0,6,2022,12,2
10372002,2022.06.12,0,6,2022,12,2
10372102,2022.06.12,0,6,2022,12,2
10372202,2022.06.12,0,6,2022,12,2
10372302,2022.06.12,0,6,2022,12,2
10372402,2022.06.12,0,6,2022,12,2
10372502,2022.06.12,0,6,2022,12,2
10372602,2022.06.12,0,6,2022,12,2
10372702,2022.06.12,0,6,2022,12,2
10372802,2022.06.12,0,6,2022,12,2
10372902,2022.06.12,0,6,2022,12,2
10373002,2022.06.12,0,6,2022,12,2
10373102,2022.06.12,0,6,2022,12,2
10373202,2022.06.12,0,6,2022,12,2
10373302,2022.06.12,0,6,2022,12,2
10373402,2022.06.12,0,6,2022,12,2
10373502,2022.06.12,0,6,2022,12,2
10373602,2022.06.12,0,6,2022,12,2
10373702,2022.06.12,0,6,2022,12,2
10000103,2022.06.28,2,6,2022,28,3
10000303,2022.06.28,2,6,2022,28,3
10000403,2022.06.28,2,6,2022,28,3
10000503,2022.07.01,5,7,2022,1,3
10000603,2022.07.03,0,7,2022,3,3
10000803,2022.07.04,1,7,2022,4,3
10000903,2022.06.28,2,6,2022,28,3
10001003,2022.06.28,2,6,2022,28,3
10001103,2022.06.28,2,6,2022,28,3
10001403,2022.06.30,4,6,2022,30,3
10001603,2022.06.28,2,6,2022,28,3
10001703,2022.06.28,2,6,2022,28,3
10001803,2022.06.29,3,6,2022,29,3
10002003,2022.07.04,1,7,2022,4,3
10002303,2022.06.30,4,6,2022,30,3
10002403,2022.06.28,2,6,2022,28,3
10002503,2022.06.28,2,6,2022,28,3
10002603,2022.06.28,2,6,2022,28,3
10002703,2022.06.28,2,6,2022,28,3
10002803,2022.06.28,2,6,2022,28,3
10002903,2022.06.28,2,6,2022,28,3
10003003,2022.06.30,4,6,2022,30,3
10003103,2022.06.29,3,6,2022,29,3
10003203,2022.06.28,2,6,2022,28,3
10003303,2022.06.28,2,6,2022,28,3
10003503,2022.06.28,2,6,2022,28,3
10003703,2022.07.04,1,7,2022,4,3
10003903,2022.06.28,2,6,2022,28,3
10004003,2022.06.28,2,6,2022,28,3
10004103,2022.06.28,2,6,2022,28,3
10004203,2022.06.28,2,6,2022,28,3
10004403,2022.06.28,2,6,2022,28,3
10004603,2022.07.04,1,7,2022,4,3
10004703,2022.06.28,2,6,2022,28,3
10004803,2022.06.28,2,6,2022,28,3
10004903,2022.06.30,4,6,2022,30,3
10005003,2022.06.28,2,6,2022,28,3
10005103,2022.06.30,4,6,2022,30,3
10005203,2022.07.04,1,7,2022,4,3
10005303,2022.06.28,2,6,2022,28,3
10005503,2022.06.28,2,6,2022,28,3
10005703,2022.06.28,2,6,2022,28,3
10005803,2022.06.28,2,6,2022,28,3
10006003,2022.06.28,2,6,2022,28,3
10006203,2022.06.28,2,6,2022,28,3
10006403,2022.06.28,2,6,2022,28,3
10006603,2022.06.28,2,6,2022,28,3
10006703,2022.06.28,2,6,2022,28,3
10006903,2022.06.28,2,6,2022,28,3
10007003,2022.06.28,2,6,2022,28,3
10007203,2022.06.30,4,6,2022,30,3
10007303,2022.06.28,2,6,2022,28,3
10007403,2022.06.28,2,6,2022,28,3
10007603,2022.06.29,3,6,2022,29,3
10007703,2022.06.28,2,6,2022,28,3
10007803,2022.06.30,4,6,2022,30,3
10007903,2022.06.30,4,6,2022,30,3
10008003,2022.06.28,2,6,2022,28,3
10008103,2022.06.28,2,6,2022,28,3
10008303,2022.06.30,4,6,2022,30,3
10008403,2022.07.03,0,7,2022,3,3
10008503,2022.07.03,0,7,2022,3,3
10008603,2022.06.28,2,6,2022,28,3
10008703,2022.06.28,2,6,2022,28,3
10008803,2022.06.28,2,6,2022,28,3
10008903,2022.06.28,2,6,2022,28,3
10009003,2022.06.28,2,6,2022,28,3
10009203,2022.06.28,2,6,2022,28,3
10009303,2022.06.28,2,6,2022,28,3
10009403,2022.06.28,2,6,2022,28,3
10009503,2022.06.28,2,6,2022,28,3
10009603,2022.06.28,2,6,2022,28,3
10009703,2022.06.28,2,6,2022,28,3
10009803,2022.06.28,2,6,2022,28,3
10009903,2022.07.04,1,7,2022,4,3
10010003,2022.06.28,2,6,2022,28,3
10010103,2022.07.03,0,7,2022,3,3
10010203,2022.06.28,2,6,2022,28,3
10010303,2022.06.28,2,6,2022,28,3
10010403,2022.07.03,0,7,2022,3,3
10010503,2022.06.28,2,6,2022,28,3
10010603,2022.06.28,2,6,2022,28,3
10010703,2022.07.04,1,7,2022,4,3
10010803,2022.06.28,2,6,2022,28,3
10010903,2022.06.28,2,6,2022,28,3
10011003,2022.06.28,2,6,2022,28,3
10011103,2022.06.28,2,6,2022,28,3
10011203,2022.07.04,1,7,2022,4,3
10011303,2022.06.28,2,6,2022,28,3
10011403,2022.06.28,2,6,2022,28,3
10011503,2022.06.28,2,6,2022,28,3
10011603,2022.06.28,2,6,2022,28,3
10011803,2022.06.28,2,6,2022,28,3
10011903,2022.06.28,2,6,2022,28,3
10012003,2022.06.28,2,6,2022,28,3
10012303,2022.06.28,2,6,2022,28,3
10012403,2022.06.28,2,6,2022,28,3
10012503,2022.06.28,2,6,2022,28,3
10012703,2022.06.29,3,6,2022,29,3
10012803,2022.07.03,0,7,2022,3,3
10012903,2022.06.28,2,6,2022,28,3
10013003,2022.07.04,1,7,2022,4,3
10013103,2022.06.28,2,6,2022,28,3
10013203,2022.06.28,2,6,2022,28,3
10013303,2022.06.28,2,6,2022,28,3
10013403,2022.06.28,2,6,2022,28,3
10013503,2022.06.28,2,6,2022,28,3
10013603,2022.06.28,2,6,2022,28,3
10013703,2022.06.28,2,6,2022,28,3
10013803,2022.07.03,0,7,2022,3,3
10013903,2022.06.28,2,6,2022,28,3
10014003,2022.07.03,0,7,2022,3,3
10014103,2022.06.30,4,6,2022,30,3
10014203,2022.06.28,2,6,2022,28,3
10014403,2022.07.04,1,7,2022,4,3
10014503,2022.06.28,2,6,2022,28,3
10014603,2022.06.28,2,6,2022,28,3
10014703,2022.06.28,2,6,2022,28,3
10014803,2022.06.29,3,6,2022,29,3
10015003,2022.06.30,4,6,2022,30,3
10015103,2022.06.29,3,6,2022,29,3
10015203,2022.07.04,1,7,2022,4,3
10015303,2022.06.28,2,6,2022,28,3
10015503,2022.06.30,4,6,2022,30,3
10015803,2022.06.29,3,6,2022,29,3
10015903,2022.07.01,5,7,2022,1,3
10016003,2022.07.04,1,7,2022,4,3
10016103,2022.06.28,2,6,2022,28,3
10016203,2022.07.04,1,7,2022,4,3
10016303,2022.06.28,2,6,2022,28,3
10016503,2022.06.28,2,6,2022,28,3
10016603,2022.06.28,2,6,2022,28,3
10016703,2022.06.28,2,6,2022,28,3
10016803,2022.06.28,2,6,2022,28,3
10016903,2022.07.03,0,7,2022,3,3
10017003,2022.06.30,4,6,2022,30,3
10017203,2022.06.28,2,6,2022,28,3
10017303,2022.06.28,2,6,2022,28,3
10017403,2022.06.29,3,6,2022,29,3
10017503,2022.06.28,2,6,2022,28,3
10017603,2022.07.03,0,7,2022,3,3
10017703,2022.06.28,2,6,2022,28,3
10017803,2022.07.03,0,7,2022,3,3
10017903,2022.06.28,2,6,2022,28,3
10018003,2022.07.03,0,7,2022,3,3
10018303,2022.06.29,3,6,2022,29,3
10018603,2022.07.03,0,7,2022,3,3
10018703,2022.06.28,2,6,2022,28,3
10018903,2022.07.01,5,7,2022,1,3
10019003,2022.06.28,2,6,2022,28,3
10019103,2022.07.04,1,7,2022,4,3
10019303,2022.06.30,4,6,2022,30,3
10019403,2022.07.04,1,7,2022,4,3
10019503,2022.07.03,0,7,2022,3,3
10019603,2022.06.29,3,6,2022,29,3
10019703,2022.06.28,2,6,2022,28,3
10019803,2022.06.29,3,6,2022,29,3
10019903,2022.06.30,4,6,2022,30,3
10020003,2022.07.03,0,7,2022,3,3
10020103,2022.07.04,1,7,2022,4,3
10020203,2022.07.04,1,7,2022,4,3
10020403,2022.06.28,2,6,2022,28,3
10020503,2022.07.03,0,7,2022,3,3
10020603,2022.07.03,0,7,2022,3,3
10020703,2022.06.28,2,6,2022,28,3
10020803,2022.06.29,3,6,2022,29,3
10020903,2022.06.28,2,6,2022,28,3
10021303,2022.07.04,1,7,2022,4,3
10021403,2022.06.28,2,6,2022,28,3
10021503,2022.06.28,2,6,2022,28,3
10021603,2022.06.30,4,6,2022,30,3
10021703,2022.07.04,1,7,2022,4,3
10021803,2022.06.28,2,6,2022,28,3
10021903,2022.06.28,2,6,2022,28,3
10022003,2022.07.04,1,7,2022,4,3
10022103,2022.06.28,2,6,2022,28,3
10022303,2022.06.28,2,6,2022,28,3
10022403,2022.06.28,2,6,2022,28,3
10022503,2022.06.28,2,6,2022,28,3
10022603,2022.06.28,2,6,2022,28,3
10022703,2022.07.03,0,7,2022,3,3
10022803,2022.07.04,1,7,2022,4,3
10022903,2022.06.28,2,6,2022,28,3
10023003,2022.06.28,2,6,2022,28,3
10023103,2022.06.28,2,6,2022,28,3
10023203,2022.06.28,2,6,2022,28,3
10023303,2022.06.28,2,6,2022,28,3
10023403,2022.07.03,0,7,2022,3,3
10023503,2022.06.28,2,6,2022,28,3
10023603,2022.07.03,0,7,2022,3,3
10023803,2022.06.28,2,6,2022,28,3
10023903,2022.07.03,0,7,2022,3,3
10024003,2022.06.29,3,6,2022,29,3
10024103,2022.06.29,3,6,2022,29,3
10024203,2022.06.28,2,6,2022,28,3
10024303,2022.06.28,2,6,2022,28,3
10024403,2022.06.28,2,6,2022,28,3
10024503,2022.07.02,6,7,2022,2,3
10024603,2022.06.28,2,6,2022,28,3
10024903,2022.07.03,0,7,2022,3,3
10025003,2022.07.03,0,7,2022,3,3
10025103,2022.07.03,0,7,2022,3,3
10025203,2022.06.28,2,6,2022,28,3
10025303,2022.06.28,2,6,2022,28,3
10025403,2022.07.04,1,7,2022,4,3
10025703,2022.06.28,2,6,2022,28,3
10025803,2022.07.04,1,7,2022,4,3
10025903,2022.07.01,5,7,2022,1,3
10026003,2022.06.28,2,6,2022,28,3
10026203,2022.06.28,2,6,2022,28,3
10026303,2022.07.03,0,7,2022,3,3
10026503,2022.06.28,2,6,2022,28,3
10026603,2022.07.03,0,7,2022,3,3
10026703,2022.06.28,2,6,2022,28,3
10026903,2022.06.30,4,6,2022,30,3
10027003,2022.07.04,1,7,2022,4,3
10027303,2022.06.28,2,6,2022,28,3
10027403,2022.06.28,2,6,2022,28,3
10027503,2022.07.04,1,7,2022,4,3
10027803,2022.07.04,1,7,2022,4,3
10027903,2022.07.04,1,7,2022,4,3
10028003,2022.07.03,0,7,2022,3,3
10028103,2022.07.03,0,7,2022,3,3
10028203,2022.06.30,4,6,2022,30,3
10028403,2022.07.03,0,7,2022,3,3
10028503,2022.06.30,4,6,2022,30,3
10028603,2022.07.04,1,7,2022,4,3
10028703,2022.06.30,4,6,2022,30,3
10028803,2022.07.03,0,7,2022,3,3
10028903,2022.06.30,4,6,2022,30,3
10029003,2022.07.03,0,7,2022,3,3
10029103,2022.06.30,4,6,2022,30,3
10029203,2022.06.30,4,6,2022,30,3
10029303,2022.07.03,0,7,2022,3,3
10029503,2022.07.03,0,7,2022,3,3
10029603,2022.06.30,4,6,2022,30,3
10029703,2022.07.01,5,7,2022,1,3
10029903,2022.07.03,0,7,2022,3,3
10030003,2022.07.03,0,7,2022,3,3
10030103,2022.07.03,0,7,2022,3,3
10030203,2022.06.30,4,6,2022,30,3
10030303,2022.06.30,4,6,2022,30,3
10030403,2022.07.03,0,7,2022,3,3
10030803,2022.07.04,1,7,2022,4,3
10030903,2022.06.30,4,6,2022,30,3
10031003,2022.06.30,4,6,2022,30,3
10031103,2022.06.30,4,6,2022,30,3
10031403,2022.07.02,6,7,2022,2,3
10031503,2022.07.05,2,7,2022,5,3
10031603,2022.07.03,0,7,2022,3,3
10031703,2022.07.04,1,7,2022,4,3
10031803,2022.06.30,4,6,2022,30,3
10032203,2022.07.01,5,7,2022,1,3
10032303,2022.06.30,4,6,2022,30,3
10032403,2022.06.30,4,6,2022,30,3
10032503,2022.07.04,1,7,2022,4,3
10032603,2022.07.04,1,7,2022,4,3
10032703,2022.07.04,1,7,2022,4,3
10032803,2022.07.03,0,7,2022,3,3
10032903,2022.06.30,4,6,2022,30,3
10033003,2022.06.30,4,6,2022,30,3
10033203,2022.07.04,1,7,2022,4,3
10033303,2022.07.03,0,7,2022,3,3
10033403,2022.07.03,0,7,2022,3,3
10033503,2022.06.30,4,6,2022,30,3
10033603,2022.06.30,4,6,2022,30,3
10033803,2022.07.03,0,7,2022,3,3
10033903,2022.06.30,4,6,2022,30,3
10034003,2022.06.30,4,6,2022,30,3
10034103,2022.07.03,0,7,2022,3,3
10034203,2022.06.30,4,6,2022,30,3
10034303,2022.07.03,0,7,2022,3,3
10034403,2022.07.01,5,7,2022,1,3
10034503,2022.07.03,0,7,2022,3,3
10034703,2022.07.03,0,7,2022,3,3
10034803,2022.07.03,0,7,2022,3,3
10034903,2022.06.30,4,6,2022,30,3
10035103,2022.07.04,1,7,2022,4,3
10035203,2022.06.28,2,6,2022,28,3
10035303,2022.07.03,0,7,2022,3,3
10035403,2022.06.30,4,6,2022,30,3
10035503,2022.06.30,4,6,2022,30,3
10035603,2022.07.03,0,7,2022,3,3
10035703,2022.06.30,4,6,2022,30,3
10035803,2022.07.03,0,7,2022,3,3
10035903,2022.07.03,0,7,2022,3,3
10036003,2022.07.03,0,7,2022,3,3
10036103,2022.07.03,0,7,2022,3,3
10036203,2022.07.04,1,7,2022,4,3
10036303,2022.06.30,4,6,2022,30,3
10036503,2022.06.30,4,6,2022,30,3
10036603,2022.07.03,0,7,2022,3,3
10036903,2022.07.03,0,7,2022,3,3
10037003,2022.07.03,0,7,2022,3,3
10037203,2022.07.01,5,7,2022,1,3
10037303,2022.06.30,4,6,2022,30,3
10037503,2022.07.03,0,7,2022,3,3
10037603,2022.06.30,4,6,2022,30,3
10037703,2022.07.04,1,7,2022,4,3
10037803,2022.06.30,4,6,2022,30,3
10037903,2022.06.30,4,6,2022,30,3
10038003,2022.06.30,4,6,2022,30,3
10038103,2022.07.03,0,7,2022,3,3
10038403,2022.07.03,0,7,2022,3,3
10038603,2022.07.03,0,7,2022,3,3
10038703,2022.07.03,0,7,2022,3,3
10038903,2022.07.04,1,7,2022,4,3
10039003,2022.07.01,5,7,2022,1,3
10039203,2022.06.30,4,6,2022,30,3
10039303,2022.06.28,2,6,2022,28,3
10039403,2022.06.30,4,6,2022,30,3
10039503,2022.06.30,4,6,2022,30,3
10039603,2022.07.03,0,7,2022,3,3
10039803,2022.07.03,0,7,2022,3,3
10039903,2022.07.04,1,7,2022,4,3
10040003,2022.06.30,4,6,2022,30,3
10040103,2022.07.03,0,7,2022,3,3
10040203,2022.06.30,4,6,2022,30,3
10040303,2022.06.30,4,6,2022,30,3
10040403,2022.07.03,0,7,2022,3,3
10040503,2022.07.03,0,7,2022,3,3
10040603,2022.07.03,0,7,2022,3,3
10040803,2022.06.30,4,6,2022,30,3
10040903,2022.06.30,4,6,2022,30,3
10041103,2022.07.03,0,7,2022,3,3
10041203,2022.06.30,4,6,2022,30,3
10041403,2022.06.30,4,6,2022,30,3
10041603,2022.06.30,4,6,2022,30,3
10041703,2022.07.03,0,7,2022,3,3
10041803,2022.07.04,1,7,2022,4,3
10041903,2022.07.03,0,7,2022,3,3
10042003,2022.07.04,1,7,2022,4,3
10042103,2022.06.30,4,6,2022,30,3
10042203,2022.06.30,4,6,2022,30,3
10042303,2022.07.01,5,7,2022,1,3
10042403,2022.06.30,4,6,2022,30,3
10042603,2022.07.03,0,7,2022,3,3
10042703,2022.07.03,0,7,2022,3,3
10042803,2022.07.04,1,7,2022,4,3
10042903,2022.06.30,4,6,2022,30,3
10043003,2022.06.30,4,6,2022,30,3
10043203,2022.06.30,4,6,2022,30,3
10043303,2022.07.03,0,7,2022,3,3
10043403,2022.06.30,4,6,2022,30,3
10043503,2022.06.30,4,6,2022,30,3
10043603,2022.07.03,0,7,2022,3,3
10043703,2022.06.30,4,6,2022,30,3
10043903,2022.07.04,1,7,2022,4,3
10044003,2022.07.04,1,7,2022,4,3
10044103,2022.07.04,1,7,2022,4,3
10044503,2022.06.30,4,6,2022,30,3
10044703,2022.07.03,0,7,2022,3,3
10044803,2022.07.03,0,7,2022,3,3
10045003,2022.06.30,4,6,2022,30,3
10045203,2022.07.03,0,7,2022,3,3
10045303,2022.06.30,4,6,2022,30,3
10045403,2022.07.05,2,7,2022,5,3
10045503,2022.06.30,4,6,2022,30,3
10045703,2022.06.30,4,6,2022,30,3
10045803,2022.06.30,4,6,2022,30,3
10046003,2022.07.03,0,7,2022,3,3
10046103,2022.06.30,4,6,2022,30,3
10046203,2022.06.30,4,6,2022,30,3
10046303,2022.06.30,4,6,2022,30,3
10046403,2022.07.03,0,7,2022,3,3
10046603,2022.06.28,2,6,2022,28,3
10046703,2022.07.03,0,7,2022,3,3
10046803,2022.07.02,6,7,2022,2,3
10046903,2022.06.30,4,6,2022,30,3
10047003,2022.06.30,4,6,2022,30,3
10047103,2022.07.03,0,7,2022,3,3
10047303,2022.06.30,4,6,2022,30,3
10047503,2022.06.30,4,6,2022,30,3
10047703,2022.06.30,4,6,2022,30,3
10047803,2022.07.03,0,7,2022,3,3
10047903,2022.06.30,4,6,2022,30,3
10048003,2022.07.02,6,7,2022,2,3
10048103,2022.06.30,4,6,2022,30,3
10048203,2022.06.30,4,6,2022,30,3
10048303,2022.07.03,0,7,2022,3,3
10048403,2022.07.04,1,7,2022,4,3
10048503,2022.07.03,0,7,2022,3,3
10048603,2022.07.02,6,7,2022,2,3
10048703,2022.07.04,1,7,2022,4,3
10048803,2022.07.01,5,7,2022,1,3
10048903,2022.07.03,0,7,2022,3,3
10049003,2022.07.03,0,7,2022,3,3
10049103,2022.06.30,4,6,2022,30,3
10049203,2022.06.30,4,6,2022,30,3
10049403,2022.07.03,0,7,2022,3,3
10049603,2022.07.03,0,7,2022,3,3
10049803,2022.07.04,1,7,2022,4,3
10049903,2022.07.03,0,7,2022,3,3
10050003,2022.07.01,5,7,2022,1,3
10050403,2022.06.30,4,6,2022,30,3
10050503,2022.07.01,5,7,2022,1,3
10050603,2022.07.03,0,7,2022,3,3
10050703,2022.07.01,5,7,2022,1,3
10051003,2022.06.30,4,6,2022,30,3
10051103,2022.06.30,4,6,2022,30,3
10051203,2022.07.03,0,7,2022,3,3
10051303,2022.07.03,0,7,2022,3,3
10051403,2022.07.04,1,7,2022,4,3
10051503,2022.07.03,0,7,2022,3,3
10051603,2022.07.03,0,7,2022,3,3
10051803,2022.07.03,0,7,2022,3,3
10051903,2022.06.30,4,6,2022,30,3
10052003,2022.06.30,4,6,2022,30,3
10052203,2022.06.30,4,6,2022,30,3
10052303,2022.07.04,1,7,2022,4,3
10052403,2022.06.30,4,6,2022,30,3
10052603,2022.07.03,0,7,2022,3,3
10052803,2022.07.01,5,7,2022,1,3
10052903,2022.07.03,0,7,2022,3,3
10053103,2022.06.30,4,6,2022,30,3
10053203,2022.07.03,0,7,2022,3,3
10053303,2022.07.03,0,7,2022,3,3
10053403,2022.06.30,4,6,2022,30,3
10053503,2022.07.04,1,7,2022,4,3
10053603,2022.06.30,4,6,2022,30,3
10053703,2022.06.30,4,6,2022,30,3
10053903,2022.07.03,0,7,2022,3,3
10054003,2022.07.01,5,7,2022,1,3
10054103,2022.06.30,4,6,2022,30,3
10054303,2022.07.03,0,7,2022,3,3
10054403,2022.07.03,0,7,2022,3,3
10054603,2022.07.04,1,7,2022,4,3
10054703,2022.06.30,4,6,2022,30,3
10054803,2022.07.04,1,7,2022,4,3
10054903,2022.06.30,4,6,2022,30,3
10055003,2022.06.30,4,6,2022,30,3
10055103,2022.07.03,0,7,2022,3,3
10055203,2022.06.30,4,6,2022,30,3
10055303,2022.07.04,1,7,2022,4,3
10055403,2022.06.30,4,6,2022,30,3
10055503,2022.07.04,1,7,2022,4,3
10055603,2022.06.30,4,6,2022,30,3
10055703,2022.07.03,0,7,2022,3,3
10055803,2022.07.03,0,7,2022,3,3
10055903,2022.06.30,4,6,2022,30,3
10056003,2022.06.30,4,6,2022,30,3
10056103,2022.07.03,0,7,2022,3,3
10056203,2022.07.03,0,7,2022,3,3
10056303,2022.07.03,0,7,2022,3,3
10056503,2022.07.04,1,7,2022,4,3
10056703,2022.07.04,1,7,2022,4,3
10056903,2022.07.03,0,7,2022,3,3
10057003,2022.07.03,0,7,2022,3,3
10057203,2022.06.30,4,6,2022,30,3
10057303,2022.07.01,5,7,2022,1,3
10057503,2022.06.30,4,6,2022,30,3
10057603,2022.07.03,0,7,2022,3,3
10057803,2022.07.02,6,7,2022,2,3
10058003,2022.06.30,4,6,2022,30,3
10058403,2022.07.01,5,7,2022,1,3
10058503,2022.06.30,4,6,2022,30,3
10058603,2022.07.03,0,7,2022,3,3
10058703,2022.07.02,6,7,2022,2,3
10058803,2022.06.30,4,6,2022,30,3
10058903,2022.07.04,1,7,2022,4,3
10059003,2022.06.30,4,6,2022,30,3
10059103,2022.07.03,0,7,2022,3,3
10059303,2022.07.01,5,7,2022,1,3
10059403,2022.07.01,5,7,2022,1,3
10059503,2022.06.30,4,6,2022,30,3
10059603,2022.06.30,4,6,2022,30,3
10059703,2022.06.30,4,6,2022,30,3
10059803,2022.07.03,0,7,2022,3,3
10059903,2022.06.30,4,6,2022,30,3
10060103,2022.07.04,1,7,2022,4,3
10060203,2022.06.30,4,6,2022,30,3
10060303,2022.06.30,4,6,2022,30,3
10060503,2022.07.02,6,7,2022,2,3
10060703,2022.06.30,4,6,2022,30,3
10060803,2022.07.03,0,7,2022,3,3
10061103,2022.07.03,0,7,2022,3,3
10061203,2022.07.04,1,7,2022,4,3
10061303,2022.07.03,0,7,2022,3,3
10061403,2022.06.30,4,6,2022,30,3
10061603,2022.07.03,0,7,2022,3,3
10061703,2022.06.30,4,6,2022,30,3
10061903,2022.07.03,0,7,2022,3,3
10062103,2022.07.01,5,7,2022,1,3
10062203,2022.07.05,2,7,2022,5,3
10062303,2022.07.03,0,7,2022,3,3
10062503,2022.07.02,6,7,2022,2,3
10063003,2022.07.03,0,7,2022,3,3
10063203,2022.06.30,4,6,2022,30,3
10063503,2022.06.30,4,6,2022,30,3
10063603,2022.06.30,4,6,2022,30,3
10063703,2022.06.30,4,6,2022,30,3
10063803,2022.07.04,1,7,2022,4,3
10063903,2022.07.03,0,7,2022,3,3
10064303,2022.07.01,5,7,2022,1,3
10064403,2022.07.04,1,7,2022,4,3
10064503,2022.07.04,1,7,2022,4,3
10064803,2022.07.02,6,7,2022,2,3
10065203,2022.07.01,5,7,2022,1,3
10065303,2022.06.30,4,6,2022,30,3
10065503,2022.06.30,4,6,2022,30,3
10065603,2022.07.01,5,7,2022,1,3
10065703,2022.07.01,5,7,2022,1,3
10065903,2022.06.30,4,6,2022,30,3
10066003,2022.06.30,4,6,2022,30,3
10066403,2022.06.30,4,6,2022,30,3
10066603,2022.07.03,0,7,2022,3,3
10066703,2022.07.03,0,7,2022,3,3
10066903,2022.07.05,2,7,2022,5,3
10067103,2022.07.03,0,7,2022,3,3
10067203,2022.06.30,4,6,2022,30,3
10067303,2022.06.30,4,6,2022,30,3
10067403,2022.06.30,4,6,2022,30,3
10067503,2022.06.30,4,6,2022,30,3
10067603,2022.07.03,0,7,2022,3,3
10067903,2022.07.04,1,7,2022,4,3
10068103,2022.07.01,5,7,2022,1,3
10068203,2022.07.03,0,7,2022,3,3
10068403,2022.06.30,4,6,2022,30,3
10068703,2022.07.01,5,7,2022,1,3
10068803,2022.07.04,1,7,2022,4,3
10068903,2022.07.04,1,7,2022,4,3
10069003,2022.07.01,5,7,2022,1,3
10069403,2022.07.01,5,7,2022,1,3
10069703,2022.07.03,0,7,2022,3,3
10070003,2022.07.04,1,7,2022,4,3
10070103,2022.06.30,4,6,2022,30,3
10070203,2022.07.01,5,7,2022,1,3
10070303,2022.06.30,4,6,2022,30,3
10070403,2022.07.05,2,7,2022,5,3
10070803,2022.07.03,0,7,2022,3,3
10070903,2022.06.30,4,6,2022,30,3
10071103,2022.06.30,4,6,2022,30,3
10071203,2022.07.04,1,7,2022,4,3
10071503,2022.06.30,4,6,2022,30,3
10071603,2022.07.03,0,7,2022,3,3
10071803,2022.07.01,5,7,2022,1,3
10071903,2022.07.01,5,7,2022,1,3
10074703,2022.06.30,4,6,2022,30,3
10075103,2022.07.03,0,7,2022,3,3
10075403,2022.06.30,4,6,2022,30,3
10075503,2022.07.03,0,7,2022,3,3
10075703,2022.06.30,4,6,2022,30,3
10075803,2022.07.01,5,7,2022,1,3
10076003,2022.07.03,0,7,2022,3,3
10076103,2022.06.30,4,6,2022,30,3
10076203,2022.07.03,0,7,2022,3,3
10076403,2022.07.03,0,7,2022,3,3
10076503,2022.07.03,0,7,2022,3,3
10076703,2022.06.30,4,6,2022,30,3
10076903,2022.06.30,4,6,2022,30,3
10077103,2022.07.03,0,7,2022,3,3
10077203,2022.06.30,4,6,2022,30,3
10077403,2022.07.03,0,7,2022,3,3
10077803,2022.07.03,0,7,2022,3,3
10077903,2022.07.04,1,7,2022,4,3
10078103,2022.06.30,4,6,2022,30,3
10078303,2022.07.02,6,7,2022,2,3
10078403,2022.06.30,4,6,2022,30,3
10078803,2022.06.30,4,6,2022,30,3
10079003,2022.07.04,1,7,2022,4,3
10079203,2022.06.30,4,6,2022,30,3
10079403,2022.07.01,5,7,2022,1,3
10079503,2022.06.30,4,6,2022,30,3
10079803,2022.06.30,4,6,2022,30,3
10079903,2022.07.03,0,7,2022,3,3
10080003,2022.06.30,4,6,2022,30,3
10080103,2022.07.03,0,7,2022,3,3
10080303,2022.06.30,4,6,2022,30,3
10080403,2022.06.30,4,6,2022,30,3
10080803,2022.07.01,5,7,2022,1,3
10080903,2022.07.04,1,7,2022,4,3
10081103,2022.06.30,4,6,2022,30,3
10081203,2022.07.03,0,7,2022,3,3
10081403,2022.06.30,4,6,2022,30,3
10081503,2022.06.30,4,6,2022,30,3
10082203,2022.07.04,1,7,2022,4,3
10082403,2022.06.30,4,6,2022,30,3
10082703,2022.06.30,4,6,2022,30,3
10083003,2022.06.30,4,6,2022,30,3
10083203,2022.06.30,4,6,2022,30,3
10083303,2022.06.30,4,6,2022,30,3
10083403,2022.06.30,4,6,2022,30,3
10083603,2022.07.03,0,7,2022,3,3
10083803,2022.07.03,0,7,2022,3,3
10084203,2022.06.30,4,6,2022,30,3
10084403,2022.07.03,0,7,2022,3,3
10084503,2022.07.03,0,7,2022,3,3
10084703,2022.07.04,1,7,2022,4,3
10084803,2022.06.30,4,6,2022,30,3
10085003,2022.07.03,0,7,2022,3,3
10085103,2022.07.04,1,7,2022,4,3
10085303,2022.06.30,4,6,2022,30,3
10085403,2022.06.30,4,6,2022,30,3
10085503,2022.06.30,4,6,2022,30,3
10085703,2022.07.03,0,7,2022,3,3
10085803,2022.07.03,0,7,2022,3,3
10085903,2022.07.03,0,7,2022,3,3
10086103,2022.07.01,5,7,2022,1,3
10086203,2022.06.30,4,6,2022,30,3
10086303,2022.06.30,4,6,2022,30,3
10086503,2022.06.30,4,6,2022,30,3
10086803,2022.07.04,1,7,2022,4,3
10086903,2022.06.30,4,6,2022,30,3
10087003,2022.06.30,4,6,2022,30,3
10087203,2022.07.03,0,7,2022,3,3
10087303,2022.06.30,4,6,2022,30,3
10087503,2022.06.30,4,6,2022,30,3
10087803,2022.07.03,0,7,2022,3,3
10087903,2022.07.03,0,7,2022,3,3
10088003,2022.06.30,4,6,2022,30,3
10088103,2022.07.02,6,7,2022,2,3
10088403,2022.06.30,4,6,2022,30,3
10088503,2022.06.30,4,6,2022,30,3
10088603,2022.06.30,4,6,2022,30,3
10088903,2022.06.30,4,6,2022,30,3
10089103,2022.07.03,0,7,2022,3,3
10089303,2022.06.30,4,6,2022,30,3
10089403,2022.06.30,4,6,2022,30,3
10089503,2022.06.30,4,6,2022,30,3
10090103,2022.06.30,4,6,2022,30,3
10090303,2022.06.30,4,6,2022,30,3
10090603,2022.06.30,4,6,2022,30,3
10090703,2022.06.30,4,6,2022,30,3
10090903,2022.06.30,4,6,2022,30,3
10091103,2022.06.30,4,6,2022,30,3
10091203,2022.06.30,4,6,2022,30,3
10091303,2022.06.30,4,6,2022,30,3
10091503,2022.07.03,0,7,2022,3,3
10092003,2022.07.01,5,7,2022,1,3
10092203,2022.07.01,5,7,2022,1,3
10092303,2022.06.30,4,6,2022,30,3
10092503,2022.07.01,5,7,2022,1,3
10092603,2022.06.30,4,6,2022,30,3
10092703,2022.06.30,4,6,2022,30,3
10092903,2022.06.30,4,6,2022,30,3
10093003,2022.07.03,0,7,2022,3,3
10093103,2022.06.30,4,6,2022,30,3
10093303,2022.07.03,0,7,2022,3,3
10093403,2022.07.01,5,7,2022,1,3
10093503,2022.07.03,0,7,2022,3,3
10093603,2022.06.30,4,6,2022,30,3
10093703,2022.07.04,1,7,2022,4,3
10094103,2022.07.01,5,7,2022,1,3
10094203,2022.07.03,0,7,2022,3,3
10094303,2022.07.04,1,7,2022,4,3
10094403,2022.07.03,0,7,2022,3,3
10094503,2022.06.30,4,6,2022,30,3
10094603,2022.06.30,4,6,2022,30,3
10094703,2022.07.03,0,7,2022,3,3
10094903,2022.07.03,0,7,2022,3,3
10095003,2022.07.03,0,7,2022,3,3
10095203,2022.07.01,5,7,2022,1,3
10095303,2022.07.03,0,7,2022,3,3
10095403,2022.06.30,4,6,2022,30,3
10096103,2022.06.30,4,6,2022,30,3
10096703,2022.06.30,4,6,2022,30,3
10096903,2022.07.03,0,7,2022,3,3
10097003,2022.06.30,4,6,2022,30,3
10097103,2022.07.03,0,7,2022,3,3
10097303,2022.07.02,6,7,2022,2,3
10097503,2022.07.04,1,7,2022,4,3
10097703,2022.07.04,1,7,2022,4,3
10097803,2022.07.03,0,7,2022,3,3
10098103,2022.07.03,0,7,2022,3,3
10098203,2022.07.04,1,7,2022,4,3
10098503,2022.06.28,2,6,2022,28,3
10098703,2022.06.30,4,6,2022,30,3
10098803,2022.06.30,4,6,2022,30,3
10098903,2022.06.30,4,6,2022,30,3
10099103,2022.07.03,0,7,2022,3,3
10099203,2022.07.03,0,7,2022,3,3
10099403,2022.06.28,2,6,2022,28,3
10099503,2022.07.03,0,7,2022,3,3
10099603,2022.06.28,2,6,2022,28,3
10099803,2022.06.28,2,6,2022,28,3
10104403,2022.06.28,2,6,2022,28,3
10108703,2022.07.04,1,7,2022,4,3
10111803,2022.06.28,2,6,2022,28,3
10112103,2022.06.30,4,6,2022,30,3
10112303,2022.06.28,2,6,2022,28,3
10112803,2022.06.30,4,6,2022,30,3
10113003,2022.07.05,2,7,2022,5,3
10113203,2022.06.30,4,6,2022,30,3
10113303,2022.07.04,1,7,2022,4,3
10113403,2022.06.30,4,6,2022,30,3
10113603,2022.06.30,4,6,2022,30,3
10113703,2022.07.03,0,7,2022,3,3
10113803,2022.06.30,4,6,2022,30,3
10114003,2022.06.30,4,6,2022,30,3
10114103,2022.06.30,4,6,2022,30,3
10114403,2022.07.04,1,7,2022,4,3
10114503,2022.07.03,0,7,2022,3,3
10114603,2022.07.03,0,7,2022,3,3
10114903,2022.07.03,0,7,2022,3,3
10115003,2022.07.03,0,7,2022,3,3
10115103,2022.06.30,4,6,2022,30,3
10115303,2022.06.30,4,6,2022,30,3
10115403,2022.06.30,4,6,2022,30,3
10115503,2022.06.30,4,6,2022,30,3
10115703,2022.07.03,0,7,2022,3,3
10115803,2022.06.30,4,6,2022,30,3
10116003,2022.07.04,1,7,2022,4,3
10116103,2022.06.30,4,6,2022,30,3
10116403,2022.07.03,0,7,2022,3,3
10116603,2022.07.04,1,7,2022,4,3
10116803,2022.07.04,1,7,2022,4,3
10116903,2022.06.30,4,6,2022,30,3
10117003,2022.07.04,1,7,2022,4,3
10117203,2022.06.30,4,6,2022,30,3
10117303,2022.06.30,4,6,2022,30,3
10117503,2022.07.04,1,7,2022,4,3
10117603,2022.07.04,1,7,2022,4,3
10117803,2022.07.04,1,7,2022,4,3
10117903,2022.06.30,4,6,2022,30,3
10118003,2022.07.03,0,7,2022,3,3
10118103,2022.07.05,2,7,2022,5,3
10118203,2022.06.30,4,6,2022,30,3
10118803,2022.06.30,4,6,2022,30,3
10118903,2022.06.30,4,6,2022,30,3
10119003,2022.07.04,1,7,2022,4,3
10119103,2022.06.30,4,6,2022,30,3
10119203,2022.06.30,4,6,2022,30,3
10119303,2022.06.30,4,6,2022,30,3
10119603,2022.07.03,0,7,2022,3,3
10119703,2022.07.03,0,7,2022,3,3
10119803,2022.06.30,4,6,2022,30,3
10120003,2022.07.03,0,7,2022,3,3
10120103,2022.06.30,4,6,2022,30,3
10120203,2022.07.03,0,7,2022,3,3
10120503,2022.06.30,4,6,2022,30,3
10120603,2022.07.04,1,7,2022,4,3
10120703,2022.07.05,2,7,2022,5,3
10121003,2022.07.03,0,7,2022,3,3
10121103,2022.07.04,1,7,2022,4,3
10121203,2022.07.04,1,7,2022,4,3
10121303,2022.07.04,1,7,2022,4,3
10121803,2022.07.03,0,7,2022,3,3
10122003,2022.06.30,4,6,2022,30,3
10122103,2022.07.04,1,7,2022,4,3
10122203,2022.06.30,4,6,2022,30,3
10122403,2022.07.03,0,7,2022,3,3
10122703,2022.07.03,0,7,2022,3,3
10122803,2022.07.02,6,7,2022,2,3
10123003,2022.07.03,0,7,2022,3,3
10123103,2022.06.30,4,6,2022,30,3
10123203,2022.07.03,0,7,2022,3,3
10123303,2022.06.30,4,6,2022,30,3
10123403,2022.07.03,0,7,2022,3,3
10123603,2022.07.01,5,7,2022,1,3
10123703,2022.06.30,4,6,2022,30,3
10123803,2022.07.03,0,7,2022,3,3
10123903,2022.07.03,0,7,2022,3,3
10124003,2022.07.04,1,7,2022,4,3
10124103,2022.07.04,1,7,2022,4,3
10124203,2022.06.30,4,6,2022,30,3
10124303,2022.07.04,1,7,2022,4,3
10124403,2022.07.03,0,7,2022,3,3
10124603,2022.07.03,0,7,2022,3,3
10124803,2022.07.05,2,7,2022,5,3
10124903,2022.07.01,5,7,2022,1,3
10125003,2022.06.30,4,6,2022,30,3
10125103,2022.07.03,0,7,2022,3,3
10125403,2022.07.03,0,7,2022,3,3
10125603,2022.06.30,4,6,2022,30,3
10125703,2022.07.04,1,7,2022,4,3
10125803,2022.06.30,4,6,2022,30,3
10125903,2022.07.03,0,7,2022,3,3
10126003,2022.06.30,4,6,2022,30,3
10126103,2022.07.01,5,7,2022,1,3
10126203,2022.06.30,4,6,2022,30,3
10126403,2022.07.04,1,7,2022,4,3
10126503,2022.07.01,5,7,2022,1,3
10126703,2022.07.03,0,7,2022,3,3
10126803,2022.06.30,4,6,2022,30,3
10127103,2022.06.30,4,6,2022,30,3
10127203,2022.06.30,4,6,2022,30,3
10127303,2022.06.30,4,6,2022,30,3
10127403,2022.06.30,4,6,2022,30,3
10127503,2022.06.30,4,6,2022,30,3
10127603,2022.07.04,1,7,2022,4,3
10127703,2022.07.03,0,7,2022,3,3
10127803,2022.07.03,0,7,2022,3,3
10128203,2022.07.01,5,7,2022,1,3
10128303,2022.07.03,0,7,2022,3,3
10128403,2022.06.30,4,6,2022,30,3
10128503,2022.07.03,0,7,2022,3,3
10128903,2022.07.03,0,7,2022,3,3
10129003,2022.06.30,4,6,2022,30,3
10129103,2022.07.03,0,7,2022,3,3
10129403,2022.06.30,4,6,2022,30,3
10129703,2022.06.30,4,6,2022,30,3
10129803,2022.07.03,0,7,2022,3,3
10130103,2022.07.04,1,7,2022,4,3
10130403,2022.06.30,4,6,2022,30,3
10130603,2022.06.30,4,6,2022,30,3
10130703,2022.07.04,1,7,2022,4,3
10131103,2022.06.30,4,6,2022,30,3
10131303,2022.06.30,4,6,2022,30,3
10131503,2022.07.01,5,7,2022,1,3
10131603,2022.06.30,4,6,2022,30,3
10131703,2022.07.01,5,7,2022,1,3
10131803,2022.06.30,4,6,2022,30,3
10131903,2022.06.30,4,6,2022,30,3
10132603,2022.07.03,0,7,2022,3,3
10133003,2022.06.30,4,6,2022,30,3
10133203,2022.06.30,4,6,2022,30,3
10133303,2022.07.03,0,7,2022,3,3
10133403,2022.06.30,4,6,2022,30,3
10133503,2022.06.30,4,6,2022,30,3
10133603,2022.06.30,4,6,2022,30,3
10134103,2022.06.30,4,6,2022,30,3
10134203,2022.06.30,4,6,2022,30,3
10134303,2022.07.04,1,7,2022,4,3
10134403,2022.06.30,4,6,2022,30,3
10134803,2022.06.30,4,6,2022,30,3
10134903,2022.07.04,1,7,2022,4,3
10135103,2022.06.30,4,6,2022,30,3
10135203,2022.06.30,4,6,2022,30,3
10135403,2022.07.03,0,7,2022,3,3
10135503,2022.07.04,1,7,2022,4,3
10135903,2022.06.30,4,6,2022,30,3
10136003,2022.07.03,0,7,2022,3,3
10136103,2022.07.03,0,7,2022,3,3
10136203,2022.06.30,4,6,2022,30,3
10136403,2022.07.04,1,7,2022,4,3
10136603,2022.07.03,0,7,2022,3,3
10136703,2022.07.03,0,7,2022,3,3
10136803,2022.06.30,4,6,2022,30,3
10136903,2022.06.30,4,6,2022,30,3
10137003,2022.06.30,4,6,2022,30,3
10137103,2022.07.03,0,7,2022,3,3
10137203,2022.07.02,6,7,2022,2,3
10137303,2022.07.04,1,7,2022,4,3
10137403,2022.07.01,5,7,2022,1,3
10137603,2022.06.30,4,6,2022,30,3
10137703,2022.07.03,0,7,2022,3,3
10137803,2022.06.30,4,6,2022,30,3
10137903,2022.07.04,1,7,2022,4,3
10138103,2022.06.30,4,6,2022,30,3
10138203,2022.06.30,4,6,2022,30,3
10138303,2022.06.30,4,6,2022,30,3
10138503,2022.06.30,4,6,2022,30,3
10138603,2022.06.30,4,6,2022,30,3
10138703,2022.07.04,1,7,2022,4,3
10138803,2022.06.30,4,6,2022,30,3
10138903,2022.07.03,0,7,2022,3,3
10139003,2022.07.03,0,7,2022,3,3
10139103,2022.07.01,5,7,2022,1,3
10139203,2022.06.30,4,6,2022,30,3
10139303,2022.07.04,1,7,2022,4,3
10139503,2022.07.03,0,7,2022,3,3
10139603,2022.06.30,4,6,2022,30,3
10139703,2022.06.30,4,6,2022,30,3
10139803,2022.07.03,0,7,2022,3,3
10139903,2022.07.03,0,7,2022,3,3
10140003,2022.07.03,0,7,2022,3,3
10140303,2022.06.30,4,6,2022,30,3
10140403,2022.07.04,1,7,2022,4,3
10140503,2022.07.03,0,7,2022,3,3
10140603,2022.07.03,0,7,2022,3,3
10141103,2022.07.03,0,7,2022,3,3
10141203,2022.06.30,4,6,2022,30,3
10141303,2022.07.04,1,7,2022,4,3
10141403,2022.07.03,0,7,2022,3,3
10141603,2022.07.04,1,7,2022,4,3
10141703,2022.07.01,5,7,2022,1,3
10141903,2022.07.03,0,7,2022,3,3
10142103,2022.07.03,0,7,2022,3,3
10142203,2022.06.30,4,6,2022,30,3
10142503,2022.07.01,5,7,2022,1,3
10142703,2022.06.30,4,6,2022,30,3
10143303,2022.07.01,5,7,2022,1,3
10143403,2022.06.30,4,6,2022,30,3
10143603,2022.07.05,2,7,2022,5,3
10143703,2022.06.30,4,6,2022,30,3
10143803,2022.07.03,0,7,2022,3,3
10143903,2022.07.03,0,7,2022,3,3
10144003,2022.07.04,1,7,2022,4,3
10144103,2022.07.03,0,7,2022,3,3
10144203,2022.07.03,0,7,2022,3,3
10144303,2022.07.03,0,7,2022,3,3
10144603,2022.06.30,4,6,2022,30,3
10144703,2022.06.30,4,6,2022,30,3
10144803,2022.07.03,0,7,2022,3,3
10145003,2022.06.30,4,6,2022,30,3
10145103,2022.07.03,0,7,2022,3,3
10145203,2022.07.02,6,7,2022,2,3
10145303,2022.07.03,0,7,2022,3,3
10145503,2022.07.04,1,7,2022,4,3
10145603,2022.07.04,1,7,2022,4,3
10146303,2022.07.03,0,7,2022,3,3
10146403,2022.07.03,0,7,2022,3,3
10146903,2022.06.30,4,6,2022,30,3
10147003,2022.06.30,4,6,2022,30,3
10147203,2022.07.02,6,7,2022,2,3
10147503,2022.07.04,1,7,2022,4,3
10147603,2022.06.30,4,6,2022,30,3
10147703,2022.07.04,1,7,2022,4,3
10147803,2022.06.30,4,6,2022,30,3
10147903,2022.07.03,0,7,2022,3,3
10148103,2022.07.02,6,7,2022,2,3
10148203,2022.07.03,0,7,2022,3,3
10148303,2022.07.01,5,7,2022,1,3
10148703,2022.06.30,4,6,2022,30,3
10148803,2022.06.30,4,6,2022,30,3
10149503,2022.07.04,1,7,2022,4,3
10149703,2022.06.30,4,6,2022,30,3
10149803,2022.07.03,0,7,2022,3,3
10149903,2022.06.30,4,6,2022,30,3
10150003,2022.06.30,4,6,2022,30,3
10388203,2022.07.04,1,7,2022,4,3
10388303,2022.07.04,1,7,2022,4,3
10388403,2022.07.04,1,7,2022,4,3
10388503,2022.07.04,1,7,2022,4,3
10388603,2022.07.04,1,7,2022,4,3
10388703,2022.07.04,1,7,2022,4,3
10388803,2022.07.04,1,7,2022,4,3
10388903,2022.07.04,1,7,2022,4,3
10389003,2022.07.04,1,7,2022,4,3
10389103,2022.07.04,1,7,2022,4,3
10389203,2022.07.04,1,7,2022,4,3
10389303,2022.07.04,1,7,2022,4,3
10389403,2022.07.04,1,7,2022,4,3
10389503,2022.07.04,1,7,2022,4,3
10389603,2022.07.04,1,7,2022,4,3
10389703,2022.07.04,1,7,2022,4,3
10389803,2022.07.04,1,7,2022,4,3
10389903,2022.07.04,1,7,2022,4,3
10390003,2022.07.04,1,7,2022,4,3
10390103,2022.07.04,1,7,2022,4,3
10390203,2022.07.04,1,7,2022,4,3
10390303,2022.07.04,1,7,2022,4,3
10390403,2022.07.04,1,7,2022,4,3
10390503,2022.07.04,1,7,2022,4,3
10390603,2022.07.04,1,7,2022,4,3
10390703,2022.07.04,1,7,2022,4,3
10390803,2022.07.04,1,7,2022,4,3
10390903,2022.07.04,1,7,2022,4,3
10391003,2022.07.04,1,7,2022,4,3
10391103,2022.07.04,1,7,2022,4,3
10391203,2022.07.04,1,7,2022,4,3
10391303,2022.07.04,1,7,2022,4,3
10391403,2022.07.04,1,7,2022,4,3
10391503,2022.07.04,1,7,2022,4,3
10391603,2022.07.04,1,7,2022,4,3
10391703,2022.07.04,1,7,2022,4,3
10391803,2022.07.04,1,7,2022,4,3
10391903,2022.07.04,1,7,2022,4,3
10392003,2022.07.04,1,7,2022,4,3
10392103,2022.07.04,1,7,2022,4,3
10392203,2022.07.04,1,7,2022,4,3
10392303,2022.07.04,1,7,2022,4,3
10392403,2022.07.04,1,7,2022,4,3
10392503,2022.07.04,1,7,2022,4,3
10392603,2022.07.04,1,7,2022,4,3
10392703,2022.07.04,1,7,2022,4,3
10392803,2022.07.04,1,7,2022,4,3
10392903,2022.07.04,1,7,2022,4,3
10393003,2022.07.04,1,7,2022,4,3
10393103,2022.07.04,1,7,2022,4,3
10393203,2022.07.04,1,7,2022,4,3
10393303,2022.07.04,1,7,2022,4,3
10393403,2022.07.04,1,7,2022,4,3
10393503,2022.07.04,1,7,2022,4,3
10393603,2022.07.04,1,7,2022,4,3
10393703,2022.07.04,1,7,2022,4,3
10393803,2022.07.04,1,7,2022,4,3
10393903,2022.07.04,1,7,2022,4,3
10394003,2022.07.04,1,7,2022,4,3
10394103,2022.07.04,1,7,2022,4,3
10394203,2022.07.04,1,7,2022,4,3
10394303,2022.07.04,1,7,2022,4,3
10394403,2022.07.04,1,7,2022,4,3
10394503,2022.07.04,1,7,2022,4,3
10394603,2022.07.04,1,7,2022,4,3
10394703,2022.07.04,1,7,2022,4,3
10394803,2022.07.04,1,7,2022,4,3
10394903,2022.07.04,1,7,2022,4,3
10395003,2022.07.04,1,7,2022,4,3
10395103,2022.07.04,1,7,2022,4,3
10395203,2022.07.04,1,7,2022,4,3
10395303,2022.07.04,1,7,2022,4,3
10395403,2022.07.04,1,7,2022,4,3
10395503,2022.07.04,1,7,2022,4,3
10395603,2022.07.04,1,7,2022,4,3
10395703,2022.07.04,1,7,2022,4,3
10395803,2022.07.04,1,7,2022,4,3
10395903,2022.07.04,1,7,2022,4,3
10396003,2022.07.04,1,7,2022,4,3
10396103,2022.07.04,1,7,2022,4,3
10396203,2022.07.04,1,7,2022,4,3
10396303,2022.07.04,1,7,2022,4,3
10396403,2022.07.04,1,7,2022,4,3
10396503,2022.07.04,1,7,2022,4,3
10396603,2022.07.04,1,7,2022,4,3
10396703,2022.07.04,1,7,2022,4,3
10396803,2022.07.04,1,7,2022,4,3
10396903,2022.07.04,1,7,2022,4,3
10397003,2022.07.04,1,7,2022,4,3
10397103,2022.07.04,1,7,2022,4,3
10397203,2022.07.04,1,7,2022,4,3
10397303,2022.07.04,1,7,2022,4,3
10397403,2022.07.04,1,7,2022,4,3
10397503,2022.07.04,1,7,2022,4,3
10397603,2022.07.04,1,7,2022,4,3
10397703,2022.07.04,1,7,2022,4,3
10397803,2022.07.04,1,7,2022,4,3
10397903,2022.07.04,1,7,2022,4,3
10398003,2022.07.04,1,7,2022,4,3
10398103,2022.07.04,1,7,2022,4,3
10398203,2022.07.04,1,7,2022,4,3
10398303,2022.07.04,1,7,2022,4,3
10398403,2022.07.04,1,7,2022,4,3
10398503,2022.07.04,1,7,2022,4,3
10398603,2022.07.04,1,7,2022,4,3
10398703,2022.07.04,1,7,2022,4,3
10398803,2022.07.04,1,7,2022,4,3
10398903,2022.07.04,1,7,2022,4,3
10399003,2022.07.04,1,7,2022,4,3
10399103,2022.07.04,1,7,2022,4,3
10399203,2022.07.04,1,7,2022,4,3
10399303,2022.07.04,1,7,2022,4,3
10399403,2022.07.04,1,7,2022,4,3
10399503,2022.07.04,1,7,2022,4,3
10399603,2022.07.04,1,7,2022,4,3
10399703,2022.07.04,1,7,2022,4,3
10399803,2022.07.04,1,7,2022,4,3
10399903,2022.07.04,1,7,2022,4,3
10400003,2022.07.04,1,7,2022,4,3
10400103,2022.07.04,1,7,2022,4,3
10400203,2022.07.04,1,7,2022,4,3
10400303,2022.07.04,1,7,2022,4,3
10400403,2022.07.04,1,7,2022,4,3
10400503,2022.07.04,1,7,2022,4,3
10400603,2022.07.04,1,7,2022,4,3
10400703,2022.07.04,1,7,2022,4,3
10400803,2022.07.04,1,7,2022,4,3
10400903,2022.07.04,1,7,2022,4,3
10401003,2022.07.04,1,7,2022,4,3
10401103,2022.07.04,1,7,2022,4,3
10401203,2022.07.04,1,7,2022,4,3
10401303,2022.07.04,1,7,2022,4,3
10401403,2022.07.04,1,7,2022,4,3
10401503,2022.07.04,1,7,2022,4,3
10401603,2022.07.04,1,7,2022,4,3
10401703,2022.07.04,1,7,2022,4,3
10401803,2022.07.04,1,7,2022,4,3
10401903,2022.07.04,1,7,2022,4,3
10402003,2022.07.05,2,7,2022,5,3
10402103,2022.07.05,2,7,2022,5,3
10402203,2022.07.05,2,7,2022,5,3
10402303,2022.07.05,2,7,2022,5,3
10402403,2022.07.05,2,7,2022,5,3
10402503,2022.07.05,2,7,2022,5,3
10402603,2022.07.05,2,7,2022,5,3
10402703,2022.07.05,2,7,2022,5,3
10402803,2022.07.05,2,7,2022,5,3
10402903,2022.07.05,2,7,2022,5,3
10403003,2022.07.05,2,7,2022,5,3
10403103,2022.07.05,2,7,2022,5,3
10403203,2022.07.05,2,7,2022,5,3
10403303,2022.07.05,2,7,2022,5,3
10403403,2022.07.05,2,7,2022,5,3
10403503,2022.07.05,2,7,2022,5,3
10403703,2022.07.05,2,7,2022,5,3
10403903,2022.07.05,2,7,2022,5,3
10404003,2022.07.05,2,7,2022,5,3
10404103,2022.07.05,2,7,2022,5,3
10404203,2022.07.05,2,7,2022,5,3
10404303,2022.07.05,2,7,2022,5,3
10404403,2022.07.05,2,7,2022,5,3
10404503,2022.07.05,2,7,2022,5,3
10404603,2022.07.05,2,7,2022,5,3
10404703,2022.07.05,2,7,2022,5,3
10404803,2022.07.05,2,7,2022,5,3
10404903,2022.07.05,2,7,2022,5,3
10405003,2022.07.05,2,7,2022,5,3
10405103,2022.07.05,2,7,2022,5,3
10405203,2022.07.05,2,7,2022,5,3
10405303,2022.07.05,2,7,2022,5,3
10405403,2022.07.05,2,7,2022,5,3
10405503,2022.07.05,2,7,2022,5,3
10405603,2022.07.05,2,7,2022,5,3
10405703,2022.07.05,2,7,2022,5,3
10405803,2022.07.05,2,7,2022,5,3
10405903,2022.07.05,2,7,2022,5,3
10406003,2022.07.05,2,7,2022,5,3
10406103,2022.07.05,2,7,2022,5,3
10406203,2022.07.05,2,7,2022,5,3
10406303,2022.07.05,2,7,2022,5,3
10406403,2022.07.05,2,7,2022,5,3
10406503,2022.07.05,2,7,2022,5,3
10406603,2022.07.05,2,7,2022,5,3
10406703,2022.07.05,2,7,2022,5,3
10406803,2022.07.05,2,7,2022,5,3
10406903,2022.07.05,2,7,2022,5,3
10407003,2022.07.05,2,7,2022,5,3
10407103,2022.07.05,2,7,2022,5,3
10407203,2022.07.05,2,7,2022,5,3
10407303,2022.07.05,2,7,2022,5,3
10407403,2022.07.05,2,7,2022,5,3
10407503,2022.07.05,2,7,2022,5,3
10407603,2022.07.05,2,7,2022,5,3
10407703,2022.07.05,2,7,2022,5,3
10407803,2022.07.05,2,7,2022,5,3
10407903,2022.07.05,2,7,2022,5,3
10408003,2022.07.05,2,7,2022,5,3
10408103,2022.07.05,2,7,2022,5,3
10408203,2022.07.05,2,7,2022,5,3
10408303,2022.07.05,2,7,2022,5,3
10408403,2022.07.05,2,7,2022,5,3
10408503,2022.07.05,2,7,2022,5,3
10408603,2022.07.05,2,7,2022,5,3
10408703,2022.07.06,3,7,2022,6,3
10408803,2022.07.06,3,7,2022,6,3
10408903,2022.07.06,3,7,2022,6,3
10409003,2022.07.06,3,7,2022,6,3
10409103,2022.07.06,3,7,2022,6,3
10409203,2022.07.06,3,7,2022,6,3
10409303,2022.07.06,3,7,2022,6,3
10409403,2022.07.06,3,7,2022,6,3
10409503,2022.07.06,3,7,2022,6,3
10409603,2022.07.06,3,7,2022,6,3
10409703,2022.07.06,3,7,2022,6,3
10409803,2022.07.06,3,7,2022,6,3
10409903,2022.07.06,3,7,2022,6,3
10410003,2022.07.06,3,7,2022,6,3
10410103,2022.07.06,3,7,2022,6,3
10410203,2022.07.06,3,7,2022,6,3
10410303,2022.07.06,3,7,2022,6,3
10410403,2022.07.06,3,7,2022,6,3
10410503,2022.07.06,3,7,2022,6,3
10410603,2022.07.06,3,7,2022,6,3
10410703,2022.07.06,3,7,2022,6,3
10410803,2022.07.06,3,7,2022,6,3
10410903,2022.07.06,3,7,2022,6,3
10411003,2022.07.06,3,7,2022,6,3
10411103,2022.07.06,3,7,2022,6,3
10411203,2022.07.06,3,7,2022,6,3
10411303,2022.07.06,3,7,2022,6,3
10411403,2022.07.06,3,7,2022,6,3
10411503,2022.07.06,3,7,2022,6,3
10411603,2022.07.06,3,7,2022,6,3
10411703,2022.07.06,3,7,2022,6,3
10411803,2022.07.06,3,7,2022,6,3
10411903,2022.07.06,3,7,2022,6,3
10412003,2022.07.06,3,7,2022,6,3
10412103,2022.07.06,3,7,2022,6,3
10412203,2022.07.06,3,7,2022,6,3
10412303,2022.07.06,3,7,2022,6,3
10412403,2022.07.06,3,7,2022,6,3
10412503,2022.07.06,3,7,2022,6,3
10412603,2022.07.06,3,7,2022,6,3
10412703,2022.07.06,3,7,2022,6,3
10412803,2022.07.06,3,7,2022,6,3
10412903,2022.07.06,3,7,2022,6,3
10413003,2022.07.06,3,7,2022,6,3
10413103,2022.07.06,3,7,2022,6,3
10413203,2022.07.06,3,7,2022,6,3
10413303,2022.07.06,3,7,2022,6,3
10413403,2022.07.06,3,7,2022,6,3
10413503,2022.07.06,3,7,2022,6,3
10413603,2022.07.06,3,7,2022,6,3
10413703,2022.07.06,3,7,2022,6,3
10413803,2022.07.06,3,7,2022,6,3
10413903,2022.07.06,3,7,2022,6,3
10414003,2022.07.06,3,7,2022,6,3
10414103,2022.07.06,3,7,2022,6,3
10414203,2022.07.06,3,7,2022,6,3
10414303,2022.07.06,3,7,2022,6,3
10414403,2022.07.06,3,7,2022,6,3
10414503,2022.07.06,3,7,2022,6,3
10414603,2022.07.06,3,7,2022,6,3
10414703,2022.07.06,3,7,2022,6,3
10414803,2022.07.06,3,7,2022,6,3
10414903,2022.07.06,3,7,2022,6,3
10415003,2022.07.06,3,7,2022,6,3
10415103,2022.07.06,3,7,2022,6,3
10415203,2022.07.06,3,7,2022,6,3
10415303,2022.07.06,3,7,2022,6,3
10415403,2022.07.06,3,7,2022,6,3
10415503,2022.07.06,3,7,2022,6,3
10415603,2022.07.06,3,7,2022,6,3
10415703,2022.07.06,3,7,2022,6,3
10415803,2022.07.06,3,7,2022,6,3
10415903,2022.07.06,3,7,2022,6,3
10416003,2022.07.06,3,7,2022,6,3
10416103,2022.07.06,3,7,2022,6,3
10416203,2022.07.06,3,7,2022,6,3
10416303,2022.07.06,3,7,2022,6,3
10416403,2022.07.06,3,7,2022,6,3
10416503,2022.07.06,3,7,2022,6,3
10416603,2022.07.06,3,7,2022,6,3
10416703,2022.07.06,3,7,2022,6,3
10416803,2022.07.06,3,7,2022,6,3
10416903,2022.07.06,3,7,2022,6,3
10417003,2022.07.06,3,7,2022,6,3
10417103,2022.07.06,3,7,2022,6,3
10417203,2022.07.06,3,7,2022,6,3
10417303,2022.07.06,3,7,2022,6,3
10417403,2022.07.06,3,7,2022,6,3
10417603,2022.07.06,3,7,2022,6,3
10417703,2022.07.06,3,7,2022,6,3
10417803,2022.07.06,3,7,2022,6,3
10417903,2022.07.06,3,7,2022,6,3
10418003,2022.07.06,3,7,2022,6,3
10418103,2022.07.06,3,7,2022,6,3
10418203,2022.07.06,3,7,2022,6,3
10418303,2022.07.06,3,7,2022,6,3
10418403,2022.07.06,3,7,2022,6,3
10418503,2022.07.06,3,7,2022,6,3
10418603,2022.07.06,3,7,2022,6,3
10418703,2022.07.06,3,7,2022,6,3
10418803,2022.07.06,3,7,2022,6,3
10418903,2022.07.06,3,7,2022,6,3
10419003,2022.07.06,3,7,2022,6,3
10419103,2022.07.06,3,7,2022,6,3
10419203,2022.07.06,3,7,2022,6,3
10419303,2022.07.06,3,7,2022,6,3
10419403,2022.07.06,3,7,2022,6,3
10419503,2022.07.06,3,7,2022,6,3
10419603,2022.07.06,3,7,2022,6,3
10419703,2022.07.06,3,7,2022,6,3
10419803,2022.07.06,3,7,2022,6,3
10419903,2022.07.06,3,7,2022,6,3
10000104,2022.07.28,4,7,2022,28,4
10000204,2022.07.28,4,7,2022,28,4
10000304,2022.07.26,2,7,2022,26,4
10000404,2022.07.26,2,7,2022,26,4
10000504,2022.07.26,2,7,2022,26,4
10000604,2022.07.28,4,7,2022,28,4
10001004,2022.07.26,2,7,2022,26,4
10001104,2022.07.26,2,7,2022,26,4
10001504,2022.07.28,4,7,2022,28,4
10001704,2022.07.26,2,7,2022,26,4
10002004,2022.07.26,2,7,2022,26,4
10002204,2022.07.28,4,7,2022,28,4
10002304,2022.07.26,2,7,2022,26,4
10002404,2022.07.26,2,7,2022,26,4
10002504,2022.07.26,2,7,2022,26,4
10002604,2022.07.26,2,7,2022,26,4
10002704,2022.07.26,2,7,2022,26,4
10002804,2022.07.26,2,7,2022,26,4
10002904,2022.07.26,2,7,2022,26,4
10003104,2022.07.26,2,7,2022,26,4
10003204,2022.07.26,2,7,2022,26,4
10003304,2022.07.26,2,7,2022,26,4
10003504,2022.07.26,2,7,2022,26,4
10003704,2022.07.28,4,7,2022,28,4
10003904,2022.07.26,2,7,2022,26,4
10004004,2022.07.26,2,7,2022,26,4
10004104,2022.07.26,2,7,2022,26,4
10004204,2022.07.26,2,7,2022,26,4
10004404,2022.07.26,2,7,2022,26,4
10004804,2022.07.27,3,7,2022,27,4
10004904,2022.07.26,2,7,2022,26,4
10005004,2022.07.26,2,7,2022,26,4
10005104,2022.07.27,3,7,2022,27,4
10005304,2022.07.26,2,7,2022,26,4
10005404,2022.07.28,4,7,2022,28,4
10005504,2022.07.26,2,7,2022,26,4
10005704,2022.07.26,2,7,2022,26,4
10005804,2022.07.26,2,7,2022,26,4
10005904,2022.07.28,4,7,2022,28,4
10006004,2022.07.26,2,7,2022,26,4
10006204,2022.08.02,2,8,2022,2,4
10006404,2022.07.26,2,7,2022,26,4
10006504,2022.07.28,4,7,2022,28,4
10006604,2022.07.26,2,7,2022,26,4
10006704,2022.07.26,2,7,2022,26,4
10006804,2022.07.28,4,7,2022,28,4
10006904,2022.07.26,2,7,2022,26,4
10007004,2022.07.26,2,7,2022,26,4
10007304,2022.07.26,2,7,2022,26,4
10007404,2022.07.26,2,7,2022,26,4
10007704,2022.07.26,2,7,2022,26,4
10007804,2022.08.02,2,8,2022,2,4
10008004,2022.07.26,2,7,2022,26,4
10008104,2022.07.26,2,7,2022,26,4
10008404,2022.07.28,4,7,2022,28,4
10008504,2022.07.28,4,7,2022,28,4
10008604,2022.07.26,2,7,2022,26,4
10008704,2022.07.26,2,7,2022,26,4
10008804,2022.07.26,2,7,2022,26,4
10008904,2022.07.26,2,7,2022,26,4
10009004,2022.07.26,2,7,2022,26,4
10009104,2022.07.28,4,7,2022,28,4
10009204,2022.07.26,2,7,2022,26,4
10009304,2022.07.26,2,7,2022,26,4
10009504,2022.07.26,2,7,2022,26,4
10009704,2022.07.26,2,7,2022,26,4
10009804,2022.07.26,2,7,2022,26,4
10010004,2022.07.26,2,7,2022,26,4
10010104,2022.07.28,4,7,2022,28,4
10010204,2022.07.26,2,7,2022,26,4
10010304,2022.07.26,2,7,2022,26,4
10010504,2022.07.28,4,7,2022,28,4
10010704,2022.07.28,4,7,2022,28,4
10010904,2022.07.26,2,7,2022,26,4
10011004,2022.07.26,2,7,2022,26,4
10011104,2022.07.26,2,7,2022,26,4
10011304,2022.07.26,2,7,2022,26,4
10011404,2022.07.26,2,7,2022,26,4
10011504,2022.07.26,2,7,2022,26,4
10011604,2022.07.26,2,7,2022,26,4
10011804,2022.07.26,2,7,2022,26,4
10011904,2022.07.26,2,7,2022,26,4
10012004,2022.07.26,2,7,2022,26,4
10012304,2022.07.26,2,7,2022,26,4
10012404,2022.07.26,2,7,2022,26,4
10012504,2022.07.26,2,7,2022,26,4
10012704,2022.07.26,2,7,2022,26,4
10012904,2022.07.26,2,7,2022,26,4
10013104,2022.07.26,2,7,2022,26,4
10013204,2022.07.26,2,7,2022,26,4
10013304,2022.07.26,2,7,2022,26,4
10013404,2022.07.26,2,7,2022,26,4
10013504,2022.07.26,2,7,2022,26,4
10013604,2022.07.26,2,7,2022,26,4
10013804,2022.07.28,4,7,2022,28,4
10013904,2022.07.26,2,7,2022,26,4
10014104,2022.07.26,2,7,2022,26,4
10014204,2022.07.26,2,7,2022,26,4
10014304,2022.07.28,4,7,2022,28,4
10014404,2022.07.26,2,7,2022,26,4
10014504,2022.07.26,2,7,2022,26,4
10014704,2022.07.26,2,7,2022,26,4
10014804,2022.07.26,2,7,2022,26,4
10015104,2022.07.26,2,7,2022,26,4
10015204,2022.07.28,4,7,2022,28,4
10015504,2022.07.26,2,7,2022,26,4
10015604,2022.07.28,4,7,2022,28,4
10015804,2022.07.26,2,7,2022,26,4
10015904,2022.07.26,2,7,2022,26,4
10016104,2022.07.26,2,7,2022,26,4
10016204,2022.07.28,4,7,2022,28,4
10016404,2022.07.28,4,7,2022,28,4
10016504,2022.07.26,2,7,2022,26,4
10016604,2022.07.26,2,7,2022,26,4
10016804,2022.07.26,2,7,2022,26,4
10017204,2022.07.26,2,7,2022,26,4
10017304,2022.07.27,3,7,2022,27,4
10017404,2022.08.02,2,8,2022,2,4
10017704,2022.07.26,2,7,2022,26,4
10017804,2022.07.28,4,7,2022,28,4
10017904,2022.07.26,2,7,2022,26,4
10018304,2022.07.26,2,7,2022,26,4
10018604,2022.07.28,4,7,2022,28,4
10018704,2022.07.26,2,7,2022,26,4
10018904,2022.07.26,2,7,2022,26,4
10019004,2022.07.26,2,7,2022,26,4
10019404,2022.07.28,4,7,2022,28,4
10019604,2022.07.26,2,7,2022,26,4
10019704,2022.07.26,2,7,2022,26,4
10019904,2022.07.26,2,7,2022,26,4
10020104,2022.07.28,4,7,2022,28,4
10020404,2022.07.26,2,7,2022,26,4
10020504,2022.07.29,5,7,2022,29,4
10020604,2022.07.28,4,7,2022,28,4
10020704,2022.07.26,2,7,2022,26,4
10020804,2022.07.26,2,7,2022,26,4
10020904,2022.07.26,2,7,2022,26,4
10021304,2022.07.28,4,7,2022,28,4
10021404,2022.07.26,2,7,2022,26,4
10021504,2022.07.26,2,7,2022,26,4
10021604,2022.07.26,2,7,2022,26,4
10021804,2022.07.26,2,7,2022,26,4
10021904,2022.07.27,3,7,2022,27,4
10022104,2022.07.26,2,7,2022,26,4
10022304,2022.07.26,2,7,2022,26,4
10022704,2022.07.28,4,7,2022,28,4
10022904,2022.07.26,2,7,2022,26,4
10023004,2022.07.26,2,7,2022,26,4
10023104,2022.07.26,2,7,2022,26,4
10023204,2022.07.26,2,7,2022,26,4
10023304,2022.07.27,3,7,2022,27,4
10023404,2022.07.28,4,7,2022,28,4
10023504,2022.07.26,2,7,2022,26,4
10023604,2022.07.28,4,7,2022,28,4
10023804,2022.07.26,2,7,2022,26,4
10023904,2022.07.28,4,7,2022,28,4
10024004,2022.07.26,2,7,2022,26,4
10024104,2022.07.26,2,7,2022,26,4
10024204,2022.07.26,2,7,2022,26,4
10024304,2022.07.26,2,7,2022,26,4
10024404,2022.07.26,2,7,2022,26,4
10024504,2022.07.28,4,7,2022,28,4
10024604,2022.07.26,2,7,2022,26,4
10024704,2022.07.28,4,7,2022,28,4
10024904,2022.07.28,4,7,2022,28,4
10025004,2022.07.28,4,7,2022,28,4
10025204,2022.07.27,3,7,2022,27,4
10025304,2022.07.26,2,7,2022,26,4
10025804,2022.07.28,4,7,2022,28,4
10025904,2022.07.28,4,7,2022,28,4
10026004,2022.07.27,3,7,2022,27,4
10026204,2022.07.26,2,7,2022,26,4
10026304,2022.07.28,4,7,2022,28,4
10026504,2022.07.26,2,7,2022,26,4
10026704,2022.07.26,2,7,2022,26,4
10026904,2022.07.26,2,7,2022,26,4
10027304,2022.07.26,2,7,2022,26,4
10027404,2022.07.26,2,7,2022,26,4
10027804,2022.07.28,4,7,2022,28,4
10028004,2022.07.28,4,7,2022,28,4
10028104,2022.07.28,4,7,2022,28,4
10028404,2022.07.28,4,7,2022,28,4
10028504,2022.07.28,4,7,2022,28,4
10028704,2022.07.26,2,7,2022,26,4
10028804,2022.07.28,4,7,2022,28,4
10028904,2022.07.28,4,7,2022,28,4
10029104,2022.07.27,3,7,2022,27,4
10029204,2022.07.28,4,7,2022,28,4
10029304,2022.07.28,4,7,2022,28,4
10029604,2022.07.26,2,7,2022,26,4
10029904,2022.07.28,4,7,2022,28,4
10030004,2022.07.28,4,7,2022,28,4
10030104,2022.07.28,4,7,2022,28,4
10030204,2022.07.27,3,7,2022,27,4
10030304,2022.07.27,3,7,2022,27,4
10030404,2022.07.28,4,7,2022,28,4
10030504,2022.07.28,4,7,2022,28,4
10031004,2022.07.26,2,7,2022,26,4
10031104,2022.07.27,3,7,2022,27,4
10031304,2022.07.28,4,7,2022,28,4
10031404,2022.07.29,5,7,2022,29,4
10031604,2022.07.28,4,7,2022,28,4
10031704,2022.07.27,3,7,2022,27,4
10031804,2022.07.26,2,7,2022,26,4
10031904,2022.07.29,5,7,2022,29,4
10032104,2022.07.28,4,7,2022,28,4
10032204,2022.07.29,5,7,2022,29,4
10032304,2022.07.27,3,7,2022,27,4
10032404,2022.07.28,4,7,2022,28,4
10032504,2022.07.28,4,7,2022,28,4
10032704,2022.07.28,4,7,2022,28,4
10032904,2022.07.27,3,7,2022,27,4
10033004,2022.07.28,4,7,2022,28,4
10033204,2022.07.28,4,7,2022,28,4
10033304,2022.07.28,4,7,2022,28,4
10033404,2022.07.28,4,7,2022,28,4
10033504,2022.07.27,3,7,2022,27,4
10033604,2022.07.28,4,7,2022,28,4
10033704,2022.07.28,4,7,2022,28,4
10033804,2022.07.28,4,7,2022,28,4
10033904,2022.07.26,2,7,2022,26,4
10034004,2022.07.26,2,7,2022,26,4
10034204,2022.07.26,2,7,2022,26,4
10034304,2022.07.28,4,7,2022,28,4
10034404,2022.07.28,4,7,2022,28,4
10034504,2022.07.28,4,7,2022,28,4
10034704,2022.07.28,4,7,2022,28,4
10034904,2022.07.27,3,7,2022,27,4
10035104,2022.07.28,4,7,2022,28,4
10035204,2022.08.02,2,8,2022,2,4
10035304,2022.07.28,4,7,2022,28,4
10035504,2022.07.27,3,7,2022,27,4
10035604,2022.07.28,4,7,2022,28,4
10035704,2022.07.26,2,7,2022,26,4
10036004,2022.07.28,4,7,2022,28,4
10036304,2022.07.27,3,7,2022,27,4
10036504,2022.07.28,4,7,2022,28,4
10036604,2022.07.28,4,7,2022,28,4
10036804,2022.07.28,4,7,2022,28,4
10036904,2022.07.29,5,7,2022,29,4
10037004,2022.07.28,4,7,2022,28,4
10037104,2022.07.28,4,7,2022,28,4
10037304,2022.07.26,2,7,2022,26,4
10037504,2022.07.28,4,7,2022,28,4
10037604,2022.07.26,2,7,2022,26,4
10037804,2022.07.26,2,7,2022,26,4
10037904,2022.07.29,5,7,2022,29,4
10038004,2022.07.28,4,7,2022,28,4
10038104,2022.07.28,4,7,2022,28,4
10038204,2022.07.28,4,7,2022,28,4
10038404,2022.07.28,4,7,2022,28,4
10038604,2022.07.28,4,7,2022,28,4
10038704,2022.07.28,4,7,2022,28,4
10038904,2022.07.26,2,7,2022,26,4
10039004,2022.07.28,4,7,2022,28,4
10039104,2022.08.02,2,8,2022,2,4
10039204,2022.07.28,4,7,2022,28,4
10039304,2022.07.26,2,7,2022,26,4
10039404,2022.07.28,4,7,2022,28,4
10039504,2022.07.28,4,7,2022,28,4
10039604,2022.07.28,4,7,2022,28,4
10039804,2022.07.28,4,7,2022,28,4
10039904,2022.07.28,4,7,2022,28,4
10040004,2022.07.27,3,7,2022,27,4
10040104,2022.07.28,4,7,2022,28,4
10040304,2022.07.28,4,7,2022,28,4
10040504,2022.07.28,4,7,2022,28,4
10040604,2022.07.28,4,7,2022,28,4
10040804,2022.07.28,4,7,2022,28,4
10040904,2022.07.27,3,7,2022,27,4
10041104,2022.07.28,4,7,2022,28,4
10041204,2022.07.28,4,7,2022,28,4
10041404,2022.07.28,4,7,2022,28,4
10041504,2022.07.29,5,7,2022,29,4
10041604,2022.07.28,4,7,2022,28,4
10041704,2022.07.28,4,7,2022,28,4
10041804,2022.07.27,3,7,2022,27,4
10041904,2022.07.28,4,7,2022,28,4
10042004,2022.07.29,5,7,2022,29,4
10042204,2022.07.28,4,7,2022,28,4
10042304,2022.07.28,4,7,2022,28,4
10042404,2022.07.28,4,7,2022,28,4
10042504,2022.08.02,2,8,2022,2,4
10042704,2022.07.28,4,7,2022,28,4
10042804,2022.07.28,4,7,2022,28,4
10042904,2022.07.26,2,7,2022,26,4
10043004,2022.07.28,4,7,2022,28,4
10043204,2022.07.28,4,7,2022,28,4
10043404,2022.07.26,2,7,2022,26,4
10043504,2022.07.28,4,7,2022,28,4
10043704,2022.07.28,4,7,2022,28,4
10043804,2022.07.28,4,7,2022,28,4
10044504,2022.07.28,4,7,2022,28,4
10044804,2022.07.28,4,7,2022,28,4
10045004,2022.07.28,4,7,2022,28,4
10045204,2022.07.28,4,7,2022,28,4
10045304,2022.07.28,4,7,2022,28,4
10045404,2022.07.28,4,7,2022,28,4
10045604,2022.07.28,4,7,2022,28,4
10045704,2022.07.26,2,7,2022,26,4
10045804,2022.07.28,4,7,2022,28,4
10046004,2022.07.28,4,7,2022,28,4
10046104,2022.07.26,2,7,2022,26,4
10046204,2022.07.28,4,7,2022,28,4
10046304,2022.07.28,4,7,2022,28,4
10046404,2022.07.28,4,7,2022,28,4
10046604,2022.07.26,2,7,2022,26,4
10046704,2022.07.28,4,7,2022,28,4
10047004,2022.07.28,4,7,2022,28,4
10047104,2022.07.28,4,7,2022,28,4
10047304,2022.07.27,3,7,2022,27,4
10047504,2022.07.28,4,7,2022,28,4
10047704,2022.07.29,5,7,2022,29,4
10047904,2022.07.26,2,7,2022,26,4
10048104,2022.07.28,4,7,2022,28,4
10048404,2022.07.29,5,7,2022,29,4
10048804,2022.07.28,4,7,2022,28,4
10049304,2022.07.28,4,7,2022,28,4
10049404,2022.07.28,4,7,2022,28,4
10049604,2022.07.28,4,7,2022,28,4
10049804,2022.07.28,4,7,2022,28,4
10049904,2022.07.28,4,7,2022,28,4
10050004,2022.07.28,4,7,2022,28,4
10050104,2022.07.28,4,7,2022,28,4
10050304,2022.08.02,2,8,2022,2,4
10050604,2022.07.28,4,7,2022,28,4
10050704,2022.07.29,5,7,2022,29,4
10051004,2022.07.27,3,7,2022,27,4
10051204,2022.07.28,4,7,2022,28,4
10051304,2022.07.29,5,7,2022,29,4
10051504,2022.07.28,4,7,2022,28,4
10052104,2022.07.28,4,7,2022,28,4
10052204,2022.07.27,3,7,2022,27,4
10052404,2022.07.27,3,7,2022,27,4
10052504,2022.07.28,4,7,2022,28,4
10052804,2022.07.28,4,7,2022,28,4
10052904,2022.07.28,4,7,2022,28,4
10053104,2022.07.28,4,7,2022,28,4
10053204,2022.07.28,4,7,2022,28,4
10053404,2022.07.27,3,7,2022,27,4
10053504,2022.07.28,4,7,2022,28,4
10053604,2022.07.27,3,7,2022,27,4
10053704,2022.07.27,3,7,2022,27,4
10053904,2022.07.28,4,7,2022,28,4
10054004,2022.07.28,4,7,2022,28,4
10054304,2022.07.28,4,7,2022,28,4
10054404,2022.07.28,4,7,2022,28,4
10054704,2022.07.26,2,7,2022,26,4
10054904,2022.07.26,2,7,2022,26,4
10055004,2022.07.28,4,7,2022,28,4
10055204,2022.07.26,2,7,2022,26,4
10055404,2022.07.28,4,7,2022,28,4
10055604,2022.07.28,4,7,2022,28,4
10055704,2022.07.29,5,7,2022,29,4
10055904,2022.07.28,4,7,2022,28,4
10056004,2022.07.29,5,7,2022,29,4
10056304,2022.07.28,4,7,2022,28,4
10057004,2022.07.28,4,7,2022,28,4
10057104,2022.07.28,4,7,2022,28,4
10057204,2022.07.26,2,7,2022,26,4
10057404,2022.07.28,4,7,2022,28,4
10057504,2022.07.27,3,7,2022,27,4
10057604,2022.07.28,4,7,2022,28,4
10057704,2022.07.28,4,7,2022,28,4
10057804,2022.07.28,4,7,2022,28,4
10057904,2022.07.28,4,7,2022,28,4
10058004,2022.07.28,4,7,2022,28,4
10058404,2022.07.28,4,7,2022,28,4
10058504,2022.07.27,3,7,2022,27,4
10058604,2022.07.28,4,7,2022,28,4
10058804,2022.07.26,2,7,2022,26,4
10059004,2022.07.26,2,7,2022,26,4
10059104,2022.07.28,4,7,2022,28,4
10059304,2022.07.27,3,7,2022,27,4
10059404,2022.07.28,4,7,2022,28,4
10059504,2022.07.28,4,7,2022,28,4
10059604,2022.07.28,4,7,2022,28,4
10059704,2022.07.28,4,7,2022,28,4
10059804,2022.07.28,4,7,2022,28,4
10059904,2022.07.29,5,7,2022,29,4
10060004,2022.07.28,4,7,2022,28,4
10060104,2022.07.28,4,7,2022,28,4
10060304,2022.07.27,3,7,2022,27,4
10060504,2022.07.28,4,7,2022,28,4
10060704,2022.07.28,4,7,2022,28,4
10061004,2022.07.28,4,7,2022,28,4
10061504,2022.07.28,4,7,2022,28,4
10061904,2022.07.28,4,7,2022,28,4
10062104,2022.07.29,5,7,2022,29,4
10062204,2022.07.28,4,7,2022,28,4
10062404,2022.07.29,5,7,2022,29,4
10063504,2022.07.28,4,7,2022,28,4
10063604,2022.07.28,4,7,2022,28,4
10063704,2022.07.26,2,7,2022,26,4
10063804,2022.07.28,4,7,2022,28,4
10063904,2022.07.28,4,7,2022,28,4
10064304,2022.07.28,4,7,2022,28,4
10064804,2022.07.28,4,7,2022,28,4
10065204,2022.07.28,4,7,2022,28,4
10065304,2022.07.28,4,7,2022,28,4
10065604,2022.07.28,4,7,2022,28,4
10065704,2022.07.28,4,7,2022,28,4
10065904,2022.07.28,4,7,2022,28,4
10066604,2022.07.28,4,7,2022,28,4
10066704,2022.07.29,5,7,2022,29,4
10066904,2022.07.29,5,7,2022,29,4
10067104,2022.07.28,4,7,2022,28,4
10067204,2022.07.28,4,7,2022,28,4
10067404,2022.07.27,3,7,2022,27,4
10068104,2022.07.28,4,7,2022,28,4
10068204,2022.07.28,4,7,2022,28,4
10068404,2022.07.26,2,7,2022,26,4
10068804,2022.07.29,5,7,2022,29,4
10068904,2022.07.28,4,7,2022,28,4
10069104,2022.08.01,1,8,2022,1,4
10070104,2022.07.26,2,7,2022,26,4
10070204,2022.07.26,2,7,2022,26,4
10070304,2022.07.28,4,7,2022,28,4
10070404,2022.07.28,4,7,2022,28,4
10070804,2022.07.28,4,7,2022,28,4
10070904,2022.07.28,4,7,2022,28,4
10071504,2022.07.28,4,7,2022,28,4
10071604,2022.07.28,4,7,2022,28,4
10071804,2022.07.26,2,7,2022,26,4
10074704,2022.07.27,3,7,2022,27,4
10075104,2022.07.28,4,7,2022,28,4
10075404,2022.07.26,2,7,2022,26,4
10075704,2022.07.27,3,7,2022,27,4
10075804,2022.07.27,3,7,2022,27,4
10076004,2022.07.28,4,7,2022,28,4
10076204,2022.07.28,4,7,2022,28,4
10076404,2022.07.28,4,7,2022,28,4
10076504,2022.07.28,4,7,2022,28,4
10076604,2022.07.28,4,7,2022,28,4
10076704,2022.07.26,2,7,2022,26,4
10076904,2022.07.27,3,7,2022,27,4
10077104,2022.07.28,4,7,2022,28,4
10077204,2022.07.26,2,7,2022,26,4
10077804,2022.07.28,4,7,2022,28,4
10077904,2022.07.26,2,7,2022,26,4
10078104,2022.07.28,4,7,2022,28,4
10078204,2022.07.28,4,7,2022,28,4
10078404,2022.07.26,2,7,2022,26,4
10078804,2022.07.26,2,7,2022,26,4
10079004,2022.07.28,4,7,2022,28,4
10079504,2022.07.28,4,7,2022,28,4
10079804,2022.07.27,3,7,2022,27,4
10079904,2022.07.28,4,7,2022,28,4
10080004,2022.07.27,3,7,2022,27,4
10080104,2022.07.28,4,7,2022,28,4
10080704,2022.07.28,4,7,2022,28,4
10081104,2022.07.27,3,7,2022,27,4
10081204,2022.07.28,4,7,2022,28,4
10081404,2022.07.28,4,7,2022,28,4
10081504,2022.07.28,4,7,2022,28,4
10082404,2022.07.26,2,7,2022,26,4
10082704,2022.07.26,2,7,2022,26,4
10083004,2022.07.28,4,7,2022,28,4
10083204,2022.07.28,4,7,2022,28,4
10083404,2022.07.28,4,7,2022,28,4
10083604,2022.07.28,4,7,2022,28,4
10084104,2022.07.28,4,7,2022,28,4
10084204,2022.07.28,4,7,2022,28,4
10084404,2022.07.28,4,7,2022,28,4
10084704,2022.07.28,4,7,2022,28,4
10084804,2022.07.28,4,7,2022,28,4
10084904,2022.07.28,4,7,2022,28,4
10085004,2022.07.28,4,7,2022,28,4
10085104,2022.07.28,4,7,2022,28,4
10085304,2022.07.28,4,7,2022,28,4
10085404,2022.07.26,2,7,2022,26,4
10085504,2022.07.28,4,7,2022,28,4
10085704,2022.07.28,4,7,2022,28,4
10085804,2022.07.28,4,7,2022,28,4
10086004,2022.07.28,4,7,2022,28,4
10086104,2022.07.29,5,7,2022,29,4
10086204,2022.07.26,2,7,2022,26,4
10086504,2022.07.27,3,7,2022,27,4
10086904,2022.07.27,3,7,2022,27,4
10087004,2022.07.28,4,7,2022,28,4
10087204,2022.07.28,4,7,2022,28,4
10087304,2022.07.26,2,7,2022,26,4
10087504,2022.07.28,4,7,2022,28,4
10087804,2022.07.28,4,7,2022,28,4
10088004,2022.07.28,4,7,2022,28,4
10088404,2022.07.28,4,7,2022,28,4
10088704,2022.07.28,4,7,2022,28,4
10088904,2022.07.27,3,7,2022,27,4
10089304,2022.07.28,4,7,2022,28,4
10089404,2022.07.27,3,7,2022,27,4
10089504,2022.07.26,2,7,2022,26,4
10090104,2022.07.26,2,7,2022,26,4
10090304,2022.07.27,3,7,2022,27,4
10090604,2022.07.27,3,7,2022,27,4
10090904,2022.07.26,2,7,2022,26,4
10091104,2022.07.28,4,7,2022,28,4
10091204,2022.07.27,3,7,2022,27,4
10091304,2022.07.29,5,7,2022,29,4
10092004,2022.07.28,4,7,2022,28,4
10092504,2022.07.29,5,7,2022,29,4
10092604,2022.07.28,4,7,2022,28,4
10092704,2022.07.28,4,7,2022,28,4
10092904,2022.07.27,3,7,2022,27,4
10093004,2022.07.28,4,7,2022,28,4
10093104,2022.07.28,4,7,2022,28,4
10093404,2022.07.28,4,7,2022,28,4
10093604,2022.07.28,4,7,2022,28,4
10094104,2022.07.28,4,7,2022,28,4
10094604,2022.07.28,4,7,2022,28,4
10095004,2022.07.28,4,7,2022,28,4
10095204,2022.07.29,5,7,2022,29,4
10095404,2022.07.29,5,7,2022,29,4
10096104,2022.07.29,5,7,2022,29,4
10096904,2022.07.28,4,7,2022,28,4
10097704,2022.07.28,4,7,2022,28,4
10097804,2022.07.28,4,7,2022,28,4
10098204,2022.07.29,5,7,2022,29,4
10098604,2022.07.28,4,7,2022,28,4
10098904,2022.07.26,2,7,2022,26,4
10099004,2022.07.28,4,7,2022,28,4
10099204,2022.07.28,4,7,2022,28,4
10099304,2022.07.28,4,7,2022,28,4
10099404,2022.07.26,2,7,2022,26,4
10099504,2022.07.29,5,7,2022,29,4
10099804,2022.07.26,2,7,2022,26,4
10101004,2022.08.01,1,8,2022,1,4
10102604,2022.08.01,1,8,2022,1,4
10103004,2022.08.01,1,8,2022,1,4
10106204,2022.07.31,0,7,2022,31,4
10106504,2022.08.01,1,8,2022,1,4
10108604,2022.07.31,0,7,2022,31,4
10108704,2022.07.26,2,7,2022,26,4
10109404,2022.07.29,5,7,2022,29,4
10110804,2022.08.01,1,8,2022,1,4
10113104,2022.07.28,4,7,2022,28,4
10113204,2022.07.26,2,7,2022,26,4
10113404,2022.07.26,2,7,2022,26,4
10113604,2022.07.26,2,7,2022,26,4
10113804,2022.07.26,2,7,2022,26,4
10114004,2022.07.26,2,7,2022,26,4
10114404,2022.07.28,4,7,2022,28,4
10114504,2022.07.26,2,7,2022,26,4
10114604,2022.07.26,2,7,2022,26,4
10114904,2022.07.26,2,7,2022,26,4
10115004,2022.07.26,2,7,2022,26,4
10115104,2022.07.26,2,7,2022,26,4
10115404,2022.07.26,2,7,2022,26,4
10115504,2022.07.28,4,7,2022,28,4
10115804,2022.07.26,2,7,2022,26,4
10116004,2022.07.28,4,7,2022,28,4
10116104,2022.07.26,2,7,2022,26,4
10116604,2022.07.28,4,7,2022,28,4
10117204,2022.07.29,5,7,2022,29,4
10117304,2022.07.26,2,7,2022,26,4
10117404,2022.07.28,4,7,2022,28,4
10117504,2022.07.28,4,7,2022,28,4
10117604,2022.07.26,2,7,2022,26,4
10117804,2022.08.02,2,8,2022,2,4
10117904,2022.07.26,2,7,2022,26,4
10118004,2022.07.28,4,7,2022,28,4
10118104,2022.07.28,4,7,2022,28,4
10118404,2022.07.28,4,7,2022,28,4
10119004,2022.07.28,4,7,2022,28,4
10119104,2022.07.28,4,7,2022,28,4
10119204,2022.07.26,2,7,2022,26,4
10119304,2022.07.28,4,7,2022,28,4
10119404,2022.08.01,1,8,2022,1,4
10119604,2022.07.28,4,7,2022,28,4
10119804,2022.07.28,4,7,2022,28,4
10120104,2022.07.26,2,7,2022,26,4
10120404,2022.07.28,4,7,2022,28,4
10121204,2022.07.28,4,7,2022,28,4
10121804,2022.07.28,4,7,2022,28,4
10122004,2022.07.27,3,7,2022,27,4
10122204,2022.07.27,3,7,2022,27,4
10122404,2022.07.28,4,7,2022,28,4
10122704,2022.07.28,4,7,2022,28,4
10123004,2022.07.28,4,7,2022,28,4
10123104,2022.07.26,2,7,2022,26,4
10123304,2022.07.27,3,7,2022,27,4
10123604,2022.07.26,2,7,2022,26,4
10123704,2022.07.26,2,7,2022,26,4
10124204,2022.07.26,2,7,2022,26,4
10124304,2022.07.26,2,7,2022,26,4
10124404,2022.07.28,4,7,2022,28,4
10124504,2022.07.28,4,7,2022,28,4
10125004,2022.07.26,2,7,2022,26,4
10125104,2022.08.01,1,8,2022,1,4
10125204,2022.07.28,4,7,2022,28,4
10125604,2022.07.26,2,7,2022,26,4
10125804,2022.07.26,2,7,2022,26,4
10126004,2022.07.26,2,7,2022,26,4
10126104,2022.07.28,4,7,2022,28,4
10126204,2022.07.26,2,7,2022,26,4
10126404,2022.07.28,4,7,2022,28,4
10126504,2022.07.28,4,7,2022,28,4
10126704,2022.07.28,4,7,2022,28,4
10126804,2022.07.28,4,7,2022,28,4
10126904,2022.07.28,4,7,2022,28,4
10127104,2022.07.26,2,7,2022,26,4
10127204,2022.07.26,2,7,2022,26,4
10127304,2022.07.26,2,7,2022,26,4
10127404,2022.07.26,2,7,2022,26,4
10127604,2022.07.27,3,7,2022,27,4
10127704,2022.07.28,4,7,2022,28,4
10128404,2022.07.26,2,7,2022,26,4
10128504,2022.07.28,4,7,2022,28,4
10128904,2022.07.28,4,7,2022,28,4
10129004,2022.07.26,2,7,2022,26,4
10129104,2022.07.28,4,7,2022,28,4
10129204,2022.07.28,4,7,2022,28,4
10129704,2022.07.27,3,7,2022,27,4
10130204,2022.07.28,4,7,2022,28,4
10130604,2022.07.28,4,7,2022,28,4
10131104,2022.07.28,4,7,2022,28,4
10131504,2022.07.26,2,7,2022,26,4
10131804,2022.07.26,2,7,2022,26,4
10131904,2022.07.26,2,7,2022,26,4
10132104,2022.07.28,4,7,2022,28,4
10132304,2022.08.01,1,8,2022,1,4
10132804,2022.07.28,4,7,2022,28,4
10133004,2022.07.26,2,7,2022,26,4
10133204,2022.07.27,3,7,2022,27,4
10133404,2022.07.27,3,7,2022,27,4
10133504,2022.07.26,2,7,2022,26,4
10133804,2022.07.28,4,7,2022,28,4
10134104,2022.07.28,4,7,2022,28,4
10134204,2022.07.26,2,7,2022,26,4
10134304,2022.07.29,5,7,2022,29,4
10134404,2022.07.28,4,7,2022,28,4
10134504,2022.07.28,4,7,2022,28,4
10134804,2022.07.26,2,7,2022,26,4
10134904,2022.07.26,2,7,2022,26,4
10135204,2022.07.28,4,7,2022,28,4
10135404,2022.07.28,4,7,2022,28,4
10135604,2022.07.28,4,7,2022,28,4
10135904,2022.07.27,3,7,2022,27,4
10136004,2022.07.28,4,7,2022,28,4
10136104,2022.07.28,4,7,2022,28,4
10136204,2022.07.27,3,7,2022,27,4
10136604,2022.07.28,4,7,2022,28,4
10136704,2022.07.28,4,7,2022,28,4
10136904,2022.07.27,3,7,2022,27,4
10137004,2022.07.27,3,7,2022,27,4
10137204,2022.07.28,4,7,2022,28,4
10137304,2022.07.28,4,7,2022,28,4
10137404,2022.07.28,4,7,2022,28,4
10137704,2022.07.28,4,7,2022,28,4
10137804,2022.07.27,3,7,2022,27,4
10138104,2022.07.26,2,7,2022,26,4
10138304,2022.07.28,4,7,2022,28,4
10138504,2022.07.27,3,7,2022,27,4
10138804,2022.07.26,2,7,2022,26,4
10138904,2022.07.28,4,7,2022,28,4
10139004,2022.07.28,4,7,2022,28,4
10139104,2022.07.28,4,7,2022,28,4
10139204,2022.07.28,4,7,2022,28,4
10139504,2022.07.28,4,7,2022,28,4
10139604,2022.07.27,3,7,2022,27,4
10139704,2022.07.27,3,7,2022,27,4
10139804,2022.07.28,4,7,2022,28,4
10139904,2022.07.28,4,7,2022,28,4
10140404,2022.07.27,3,7,2022,27,4
10140504,2022.07.28,4,7,2022,28,4
10141104,2022.07.28,4,7,2022,28,4
10141204,2022.07.26,2,7,2022,26,4
10141304,2022.07.28,4,7,2022,28,4
10141504,2022.07.28,4,7,2022,28,4
10141704,2022.07.28,4,7,2022,28,4
10141904,2022.07.28,4,7,2022,28,4
10142004,2022.07.28,4,7,2022,28,4
10142504,2022.07.29,5,7,2022,29,4
10142904,2022.07.28,4,7,2022,28,4
10143004,2022.07.29,5,7,2022,29,4
10143404,2022.07.29,5,7,2022,29,4
10143804,2022.07.28,4,7,2022,28,4
10145004,2022.07.28,4,7,2022,28,4
10145604,2022.07.28,4,7,2022,28,4
10147004,2022.07.28,4,7,2022,28,4
10147204,2022.07.29,5,7,2022,29,4
10147604,2022.07.28,4,7,2022,28,4
10148204,2022.07.28,4,7,2022,28,4
10148704,2022.07.28,4,7,2022,28,4
10148904,2022.07.28,4,7,2022,28,4
10149304,2022.07.28,4,7,2022,28,4
10149604,2022.07.29,5,7,2022,29,4
10149804,2022.07.28,4,7,2022,28,4
10149904,2022.07.29,5,7,2022,29,4
10150004,2022.07.27,3,7,2022,27,4
10331904,2022.07.28,4,7,2022,28,4
10332504,2022.07.28,4,7,2022,28,4
10332704,2022.07.28,4,7,2022,28,4
10332804,2022.07.28,4,7,2022,28,4
10333104,2022.07.28,4,7,2022,28,4
10333804,2022.07.28,4,7,2022,28,4
10334004,2022.07.28,4,7,2022,28,4
10334304,2022.07.28,4,7,2022,28,4
10334404,2022.07.28,4,7,2022,28,4
10334504,2022.07.28,4,7,2022,28,4
10334604,2022.07.28,4,7,2022,28,4
10335104,2022.07.28,4,7,2022,28,4
10335204,2022.07.28,4,7,2022,28,4
10335304,2022.07.28,4,7,2022,28,4
10335404,2022.07.28,4,7,2022,28,4
10335504,2022.07.28,4,7,2022,28,4
10335704,2022.07.29,5,7,2022,29,4
10335804,2022.07.28,4,7,2022,28,4
10335904,2022.07.28,4,7,2022,28,4
10336004,2022.07.28,4,7,2022,28,4
10336504,2022.07.28,4,7,2022,28,4
10336704,2022.07.28,4,7,2022,28,4
10336804,2022.07.28,4,7,2022,28,4
10336904,2022.07.29,5,7,2022,29,4
10337004,2022.07.28,4,7,2022,28,4
10337204,2022.07.28,4,7,2022,28,4
10337604,2022.07.28,4,7,2022,28,4
10337904,2022.07.28,4,7,2022,28,4
10338104,2022.07.28,4,7,2022,28,4
10338304,2022.07.28,4,7,2022,28,4
10338404,2022.07.28,4,7,2022,28,4
10338704,2022.07.28,4,7,2022,28,4
10338904,2022.07.28,4,7,2022,28,4
10340304,2022.07.28,4,7,2022,28,4
10342004,2022.07.29,5,7,2022,29,4
10342604,2022.07.29,5,7,2022,29,4
10343104,2022.07.28,4,7,2022,28,4
10343204,2022.07.28,4,7,2022,28,4
10343504,2022.07.28,4,7,2022,28,4
10343804,2022.07.28,4,7,2022,28,4
10343904,2022.07.28,4,7,2022,28,4
10344004,2022.07.28,4,7,2022,28,4
10344104,2022.07.28,4,7,2022,28,4
10344304,2022.07.28,4,7,2022,28,4
10344504,2022.07.28,4,7,2022,28,4
10344804,2022.07.28,4,7,2022,28,4
10345204,2022.07.28,4,7,2022,28,4
10345304,2022.07.28,4,7,2022,28,4
10345404,2022.07.28,4,7,2022,28,4
10345804,2022.07.28,4,7,2022,28,4
10346104,2022.07.28,4,7,2022,28,4
10346204,2022.07.28,4,7,2022,28,4
10346504,2022.07.28,4,7,2022,28,4
10347204,2022.07.28,4,7,2022,28,4
10347404,2022.07.28,4,7,2022,28,4
10347704,2022.07.29,5,7,2022,29,4
10347804,2022.07.28,4,7,2022,28,4
10347904,2022.07.28,4,7,2022,28,4
10348104,2022.07.28,4,7,2022,28,4
10348204,2022.07.28,4,7,2022,28,4
10348804,2022.07.28,4,7,2022,28,4
10349104,2022.07.28,4,7,2022,28,4
10349304,2022.07.28,4,7,2022,28,4
10349404,2022.07.28,4,7,2022,28,4
10349604,2022.07.29,5,7,2022,29,4
10349704,2022.07.28,4,7,2022,28,4
10350404,2022.07.28,4,7,2022,28,4
10350504,2022.07.28,4,7,2022,28,4
10351004,2022.07.28,4,7,2022,28,4
10351204,2022.07.29,5,7,2022,29,4
10351404,2022.07.28,4,7,2022,28,4
10351504,2022.07.28,4,7,2022,28,4
10351604,2022.07.28,4,7,2022,28,4
10351704,2022.07.28,4,7,2022,28,4
10352104,2022.07.28,4,7,2022,28,4
10352204,2022.07.28,4,7,2022,28,4
10352604,2022.07.28,4,7,2022,28,4
10352904,2022.07.28,4,7,2022,28,4
10353204,2022.07.28,4,7,2022,28,4
10353404,2022.07.28,4,7,2022,28,4
10353504,2022.07.29,5,7,2022,29,4
10353804,2022.07.28,4,7,2022,28,4
10354104,2022.07.28,4,7,2022,28,4
10354304,2022.07.29,5,7,2022,29,4
10354504,2022.07.29,5,7,2022,29,4
10354604,2022.07.28,4,7,2022,28,4
10354804,2022.07.28,4,7,2022,28,4
10355204,2022.07.28,4,7,2022,28,4
10355604,2022.07.28,4,7,2022,28,4
10355804,2022.07.28,4,7,2022,28,4
10356004,2022.07.28,4,7,2022,28,4
10356104,2022.07.29,5,7,2022,29,4
10356604,2022.07.28,4,7,2022,28,4
10356704,2022.07.28,4,7,2022,28,4
10357104,2022.07.29,5,7,2022,29,4
10357404,2022.07.28,4,7,2022,28,4
10357704,2022.07.28,4,7,2022,28,4
10357904,2022.07.28,4,7,2022,28,4
10358104,2022.07.28,4,7,2022,28,4
10358504,2022.07.28,4,7,2022,28,4
10359004,2022.07.28,4,7,2022,28,4
10359504,2022.07.28,4,7,2022,28,4
10359804,2022.07.28,4,7,2022,28,4
10360204,2022.07.28,4,7,2022,28,4
10360704,2022.07.29,5,7,2022,29,4
10360904,2022.07.28,4,7,2022,28,4
10361204,2022.07.28,4,7,2022,28,4
10362904,2022.07.29,5,7,2022,29,4
10363104,2022.07.28,4,7,2022,28,4
10363304,2022.07.28,4,7,2022,28,4
10363404,2022.07.28,4,7,2022,28,4
10364204,2022.07.28,4,7,2022,28,4
10364604,2022.07.28,4,7,2022,28,4
10366404,2022.07.28,4,7,2022,28,4
10366504,2022.08.02,2,8,2022,2,4
10368704,2022.07.28,4,7,2022,28,4
10369104,2022.07.28,4,7,2022,28,4
10369604,2022.08.02,2,8,2022,2,4
10369704,2022.07.28,4,7,2022,28,4
10369904,2022.07.28,4,7,2022,28,4
10370104,2022.07.29,5,7,2022,29,4
10370204,2022.07.28,4,7,2022,28,4
10370504,2022.07.28,4,7,2022,28,4
10370604,2022.08.02,2,8,2022,2,4
10370704,2022.07.28,4,7,2022,28,4
10371504,2022.07.28,4,7,2022,28,4
10371604,2022.08.02,2,8,2022,2,4
10371804,2022.07.28,4,7,2022,28,4
10372004,2022.07.28,4,7,2022,28,4
10372104,2022.07.28,4,7,2022,28,4
10372304,2022.08.02,2,8,2022,2,4
10372504,2022.07.28,4,7,2022,28,4
10372904,2022.07.28,4,7,2022,28,4
10373004,2022.07.28,4,7,2022,28,4
10373304,2022.07.28,4,7,2022,28,4
10388604,2022.07.31,0,7,2022,31,4
10390104,2022.08.01,1,8,2022,1,4
10392504,2022.08.01,1,8,2022,1,4
10394204,2022.07.28,4,7,2022,28,4
10394304,2022.07.28,4,7,2022,28,4
10394404,2022.07.28,4,7,2022,28,4
10394604,2022.07.28,4,7,2022,28,4
10394904,2022.07.28,4,7,2022,28,4
10395404,2022.07.28,4,7,2022,28,4
10395604,2022.07.28,4,7,2022,28,4
10395704,2022.07.28,4,7,2022,28,4
10395804,2022.07.28,4,7,2022,28,4
10396004,2022.07.28,4,7,2022,28,4
10396204,2022.07.29,5,7,2022,29,4
10396304,2022.07.28,4,7,2022,28,4
10396504,2022.07.28,4,7,2022,28,4
10397104,2022.07.28,4,7,2022,28,4
10397204,2022.07.28,4,7,2022,28,4
10397404,2022.07.28,4,7,2022,28,4
10397504,2022.07.28,4,7,2022,28,4
10397604,2022.07.28,4,7,2022,28,4
10397704,2022.07.28,4,7,2022,28,4
10397804,2022.07.28,4,7,2022,28,4
10397904,2022.07.28,4,7,2022,28,4
10398104,2022.07.28,4,7,2022,28,4
10398604,2022.07.28,4,7,2022,28,4
10399204,2022.07.28,4,7,2022,28,4
10399304,2022.07.28,4,7,2022,28,4
10399804,2022.07.28,4,7,2022,28,4
10400104,2022.07.28,4,7,2022,28,4
10400404,2022.07.28,4,7,2022,28,4
10400604,2022.08.02,2,8,2022,2,4
10400704,2022.07.28,4,7,2022,28,4
10401604,2022.07.28,4,7,2022,28,4
10401704,2022.07.28,4,7,2022,28,4
10401904,2022.07.29,5,7,2022,29,4
10402104,2022.07.28,4,7,2022,28,4
10402804,2022.08.01,1,8,2022,1,4
10403304,2022.08.01,1,8,2022,1,4
10405904,2022.08.01,1,8,2022,1,4
10406004,2022.08.01,1,8,2022,1,4
10406504,2022.07.31,0,7,2022,31,4
10407104,2022.08.02,2,8,2022,2,4
10407404,2022.08.01,1,8,2022,1,4
10408104,2022.08.01,1,8,2022,1,4
10408304,2022.08.01,1,8,2022,1,4
10408504,2022.07.31,0,7,2022,31,4
10408904,2022.08.01,1,8,2022,1,4
10409404,2022.07.31,0,7,2022,31,4
10409804,2022.08.01,1,8,2022,1,4
10410104,2022.07.31,0,7,2022,31,4
10410204,2022.07.31,0,7,2022,31,4
10410404,2022.08.01,1,8,2022,1,4
10410704,2022.07.28,4,7,2022,28,4
10411104,2022.08.01,1,8,2022,1,4
10411604,2022.07.28,4,7,2022,28,4
10411704,2022.07.28,4,7,2022,28,4
10412304,2022.07.28,4,7,2022,28,4
10412404,2022.07.31,0,7,2022,31,4
10412604,2022.07.28,4,7,2022,28,4
10412704,2022.07.28,4,7,2022,28,4
10413204,2022.07.28,4,7,2022,28,4
10413704,2022.07.28,4,7,2022,28,4
10413904,2022.07.28,4,7,2022,28,4
10414104,2022.07.28,4,7,2022,28,4
10414504,2022.07.28,4,7,2022,28,4
10414604,2022.07.28,4,7,2022,28,4
10414904,2022.07.28,4,7,2022,28,4
10415104,2022.07.28,4,7,2022,28,4
10415804,2022.07.28,4,7,2022,28,4
10416304,2022.07.28,4,7,2022,28,4
10416604,2022.07.28,4,7,2022,28,4
10417104,2022.07.28,4,7,2022,28,4
10417304,2022.07.28,4,7,2022,28,4
10417404,2022.07.28,4,7,2022,28,4
10417704,2022.07.28,4,7,2022,28,4
10418004,2022.07.28,4,7,2022,28,4
10418104,2022.07.28,4,7,2022,28,4
10418204,2022.07.28,4,7,2022,28,4
10418304,2022.07.28,4,7,2022,28,4
10418504,2022.07.29,5,7,2022,29,4
10418604,2022.07.28,4,7,2022,28,4
10418704,2022.07.28,4,7,2022,28,4
10418804,2022.08.02,2,8,2022,2,4
10419004,2022.07.28,4,7,2022,28,4
10419104,2022.07.28,4,7,2022,28,4
10419204,2022.07.28,4,7,2022,28,4
10419404,2022.07.28,4,7,2022,28,4
10419604,2022.07.28,4,7,2022,28,4
10419804,2022.07.28,4,7,2022,28,4
10419904,2022.07.28,4,7,2022,28,4
10432304,2022.07.29,5,7,2022,29,4
10432404,2022.07.28,4,7,2022,28,4
10432504,2022.07.28,4,7,2022,28,4
10432604,2022.07.28,4,7,2022,28,4
10432704,2022.07.28,4,7,2022,28,4
10432804,2022.07.28,4,7,2022,28,4
10432904,2022.07.28,4,7,2022,28,4
10433004,2022.07.28,4,7,2022,28,4
10433104,2022.07.28,4,7,2022,28,4
10433204,2022.07.29,5,7,2022,29,4
10433304,2022.07.29,5,7,2022,29,4
10433404,2022.07.29,5,7,2022,29,4
10433504,2022.07.29,5,7,2022,29,4
10433604,2022.07.29,5,7,2022,29,4
10433704,2022.07.29,5,7,2022,29,4
10433804,2022.07.29,5,7,2022,29,4
10433904,2022.07.29,5,7,2022,29,4
10434004,2022.07.29,5,7,2022,29,4
10434104,2022.07.29,5,7,2022,29,4
10434204,2022.07.29,5,7,2022,29,4
10434304,2022.07.29,5,7,2022,29,4
10434404,2022.07.29,5,7,2022,29,4
10434504,2022.07.29,5,7,2022,29,4
10434604,2022.07.29,5,7,2022,29,4
10434704,2022.07.29,5,7,2022,29,4
10434804,2022.07.29,5,7,2022,29,4
10434904,2022.07.29,5,7,2022,29,4
10435004,2022.07.29,5,7,2022,29,4
10435104,2022.07.29,5,7,2022,29,4
10435204,2022.07.29,5,7,2022,29,4
10435304,2022.07.29,5,7,2022,29,4
10435404,2022.07.29,5,7,2022,29,4
10435504,2022.07.29,5,7,2022,29,4
10435604,2022.07.29,5,7,2022,29,4
10435704,2022.07.29,5,7,2022,29,4
10435804,2022.07.29,5,7,2022,29,4
10435904,2022.07.29,5,7,2022,29,4
10436004,2022.07.29,5,7,2022,29,4
10436104,2022.07.29,5,7,2022,29,4
10436204,2022.07.29,5,7,2022,29,4
10436304,2022.07.29,5,7,2022,29,4
10436404,2022.07.29,5,7,2022,29,4
10436504,2022.07.29,5,7,2022,29,4
10436604,2022.07.29,5,7,2022,29,4
10436704,2022.07.29,5,7,2022,29,4
10436804,2022.07.29,5,7,2022,29,4
10436904,2022.07.29,5,7,2022,29,4
10437004,2022.07.29,5,7,2022,29,4
10437104,2022.07.29,5,7,2022,29,4
10437204,2022.07.29,5,7,2022,29,4
10437304,2022.07.29,5,7,2022,29,4
10437404,2022.07.29,5,7,2022,29,4
10437504,2022.07.29,5,7,2022,29,4
10437604,2022.07.29,5,7,2022,29,4
10437704,2022.07.29,5,7,2022,29,4
10437804,2022.07.29,5,7,2022,29,4
10437904,2022.07.29,5,7,2022,29,4
10438004,2022.07.29,5,7,2022,29,4
10438104,2022.07.29,5,7,2022,29,4
10438204,2022.07.29,5,7,2022,29,4
10438304,2022.07.29,5,7,2022,29,4
10438404,2022.07.30,6,7,2022,30,4
10438504,2022.07.30,6,7,2022,30,4
10438604,2022.07.30,6,7,2022,30,4
10438704,2022.07.30,6,7,2022,30,4
10438804,2022.07.30,6,7,2022,30,4
10438904,2022.07.30,6,7,2022,30,4
10439004,2022.07.30,6,7,2022,30,4
10439104,2022.07.30,6,7,2022,30,4
10439204,2022.07.31,0,7,2022,31,4
10439304,2022.07.31,0,7,2022,31,4
10439404,2022.07.31,0,7,2022,31,4
10439504,2022.07.31,0,7,2022,31,4
10439604,2022.07.31,0,7,2022,31,4
10439704,2022.07.31,0,7,2022,31,4
10439804,2022.07.31,0,7,2022,31,4
10439904,2022.07.31,0,7,2022,31,4
10440004,2022.07.31,0,7,2022,31,4
10440104,2022.07.31,0,7,2022,31,4
10440204,2022.07.31,0,7,2022,31,4
10440304,2022.07.31,0,7,2022,31,4
10440404,2022.07.31,0,7,2022,31,4
10440504,2022.07.31,0,7,2022,31,4
10440604,2022.07.31,0,7,2022,31,4
10440704,2022.07.31,0,7,2022,31,4
10440804,2022.07.31,0,7,2022,31,4
10440904,2022.07.31,0,7,2022,31,4
10441004,2022.07.31,0,7,2022,31,4
10441104,2022.07.31,0,7,2022,31,4
10441204,2022.07.31,0,7,2022,31,4
10441304,2022.07.31,0,7,2022,31,4
10441404,2022.07.31,0,7,2022,31,4
10441504,2022.07.31,0,7,2022,31,4
10441604,2022.07.31,0,7,2022,31,4
10441704,2022.07.31,0,7,2022,31,4
10441804,2022.07.31,0,7,2022,31,4
10441904,2022.07.31,0,7,2022,31,4
10442004,2022.07.31,0,7,2022,31,4
10442104,2022.07.31,0,7,2022,31,4
10442204,2022.07.31,0,7,2022,31,4
10442304,2022.07.31,0,7,2022,31,4
10442404,2022.07.31,0,7,2022,31,4
10442504,2022.07.31,0,7,2022,31,4
10442604,2022.07.31,0,7,2022,31,4
10442704,2022.07.31,0,7,2022,31,4
10442804,2022.07.31,0,7,2022,31,4
10442904,2022.07.31,0,7,2022,31,4
10443004,2022.07.31,0,7,2022,31,4
10443104,2022.07.31,0,7,2022,31,4
10443204,2022.07.31,0,7,2022,31,4
10443304,2022.07.31,0,7,2022,31,4
10443404,2022.07.31,0,7,2022,31,4
10443504,2022.07.31,0,7,2022,31,4
10443604,2022.07.31,0,7,2022,31,4
10443704,2022.07.31,0,7,2022,31,4
10443804,2022.07.31,0,7,2022,31,4
10443904,2022.07.31,0,7,2022,31,4
10444004,2022.07.31,0,7,2022,31,4
10444104,2022.07.31,0,7,2022,31,4
10444204,2022.07.31,0,7,2022,31,4
10444304,2022.07.31,0,7,2022,31,4
10444404,2022.07.31,0,7,2022,31,4
10444504,2022.07.31,0,7,2022,31,4
10444604,2022.08.01,1,8,2022,1,4
10444704,2022.08.01,1,8,2022,1,4
10444804,2022.08.01,1,8,2022,1,4
10444904,2022.08.01,1,8,2022,1,4
10445004,2022.08.01,1,8,2022,1,4
10445104,2022.08.01,1,8,2022,1,4
10445204,2022.08.01,1,8,2022,1,4
10445304,2022.08.01,1,8,2022,1,4
10445404,2022.08.01,1,8,2022,1,4
10445504,2022.08.01,1,8,2022,1,4
10445604,2022.08.01,1,8,2022,1,4
10445704,2022.08.01,1,8,2022,1,4
10445804,2022.08.01,1,8,2022,1,4
10445904,2022.08.01,1,8,2022,1,4
10446004,2022.08.01,1,8,2022,1,4
10446104,2022.08.01,1,8,2022,1,4
10446204,2022.08.01,1,8,2022,1,4
10446304,2022.08.01,1,8,2022,1,4
10446404,2022.08.01,1,8,2022,1,4
10446504,2022.08.01,1,8,2022,1,4
10446604,2022.08.01,1,8,2022,1,4
10446704,2022.08.01,1,8,2022,1,4
10446804,2022.08.01,1,8,2022,1,4
10446904,2022.08.01,1,8,2022,1,4
10447004,2022.08.01,1,8,2022,1,4
10447104,2022.08.01,1,8,2022,1,4
10447204,2022.08.01,1,8,2022,1,4
10447304,2022.08.01,1,8,2022,1,4
10447404,2022.08.01,1,8,2022,1,4
10447504,2022.08.01,1,8,2022,1,4
10447604,2022.08.01,1,8,2022,1,4
10447704,2022.08.01,1,8,2022,1,4
10447804,2022.08.01,1,8,2022,1,4
10447904,2022.08.01,1,8,2022,1,4
10448004,2022.08.01,1,8,2022,1,4
10448104,2022.08.01,1,8,2022,1,4
10448204,2022.08.01,1,8,2022,1,4
10448304,2022.08.01,1,8,2022,1,4
10448404,2022.08.01,1,8,2022,1,4
10448504,2022.08.01,1,8,2022,1,4
10448604,2022.08.01,1,8,2022,1,4
10448704,2022.08.01,1,8,2022,1,4
10448804,2022.08.01,1,8,2022,1,4
10448904,2022.08.01,1,8,2022,1,4
10449004,2022.08.01,1,8,2022,1,4
10449104,2022.08.01,1,8,2022,1,4
10449204,2022.08.01,1,8,2022,1,4
10449304,2022.08.01,1,8,2022,1,4
10449404,2022.08.01,1,8,2022,1,4
10449504,2022.08.01,1,8,2022,1,4
10449604,2022.08.01,1,8,2022,1,4
10449704,2022.08.01,1,8,2022,1,4
10449804,2022.08.02,2,8,2022,2,4
10449904,2022.08.02,2,8,2022,2,4
10450004,2022.08.02,2,8,2022,2,4
10450104,2022.08.02,2,8,2022,2,4
10450204,2022.08.02,2,8,2022,2,4
10450304,2022.08.02,2,8,2022,2,4
10450404,2022.08.02,2,8,2022,2,4
